2 0.470703 0.48125 0.0210938 0.0263889 0.279102
2 0.431641 0.507639 0.0195312 0.0347222 0.307785
2 0.622656 0.467361 0.028125 0.0319444 0.447352
2 0.528125 0.510417 0.025 0.0375 0.490402
2 0.492188 0.527083 0.028125 0.0375 0.519178
2 0.552734 0.556944 0.0351562 0.05 0.571972
2 0.445312 0.544444 0.03125 0.0472222 0.598372
2 0.386719 0.553472 0.03125 0.0486111 0.699397
2 0.660156 0.506944 0.0359375 0.0416667 0.739939
2 0.462891 0.670833 0.0460938 0.0861111 0.757968
2 0.783984 0.625694 0.0648438 0.0736111 0.760781
2 0.34375 0.763889 0.0671875 0.122222 0.770954
2 0.819922 0.922917 0.155469 0.148611 0.780871
2 0.376563 0.623611 0.0453125 0.0916667 0.797189
2 0.586328 0.759028 0.0820312 0.134722 0.822323
2 0.617188 0.634028 0.05625 0.0708333 0.824974
2 0.472266 0.773611 0.0695312 0.127778 0.830408
