2 0.395703 0.502083 0.0273438 0.0541667 0.257872
7 0.394922 0.49375 0.0273438 0.0708333 0.27154
2 0.436328 0.540278 0.0289063 0.0416667 0.349017
2 0.523047 0.511111 0.0273438 0.0333333 0.413362
2 0.481641 0.506944 0.0242187 0.0361111 0.424549
2 0.548047 0.54375 0.0304688 0.0347222 0.522468
2 0.683203 0.546528 0.0351562 0.0402778 0.648093
2 0.451953 0.586806 0.0398437 0.0569444 0.69823
2 0.576563 0.59375 0.04375 0.0680556 0.716076
2 0.808594 0.651389 0.0671875 0.0638889 0.72262
2 0.334766 0.824306 0.0804688 0.145833 0.754067
2 0.506641 0.561111 0.0335938 0.05 0.765956
2 0.384375 0.591667 0.034375 0.0583333 0.775425
2 0.662891 0.705556 0.0742188 0.1 0.820206
2 0.473828 0.75625 0.0601562 0.118056 0.836095
2 0.655859 0.916667 0.121094 0.163889 0.843468
2 0.370313 0.670139 0.05625 0.101389 0.858679
2 0.483984 0.913194 0.0929687 0.165278 0.879663
2 0.933594 0.693056 0.109375 0.0861111 0.888905
