2 0.489453 0.475694 0.0210938 0.0263889 0.296832
2 0.376953 0.482639 0.0273438 0.0402778 0.297718
9 0.816016 0.629167 0.0117188 0.0388889 0.335296
2 0.439453 0.752778 0.0570313 0.0527778 0.350406
2 0.4625 0.494444 0.025 0.0333333 0.355015
2 0.373047 0.520139 0.0304688 0.0319444 0.363895
2 0.532031 0.526389 0.0375 0.0472222 0.383157
7 0.329297 0.764583 0.0710938 0.126389 0.485994
2 0.421094 0.497222 0.0265625 0.0444444 0.536554
2 0.328516 0.764583 0.0710938 0.129167 0.546613
2 0.70625 0.570833 0.0390625 0.0527778 0.62385
2 0.669922 0.515972 0.0398437 0.0486111 0.633381
2 0.491797 0.54375 0.0351562 0.0541667 0.647081
2 0.441016 0.620833 0.0445312 0.0805556 0.664522
2 0.439453 0.716667 0.0585938 0.116667 0.726898
2 0.845312 0.634722 0.0765625 0.0666667 0.730426
2 0.570703 0.584028 0.0460938 0.0680556 0.756779
2 0.375391 0.584028 0.0367187 0.0652778 0.780322
2 0.976562 0.647222 0.046875 0.0694444 0.813047
2 0.537109 0.652083 0.0570313 0.106944 0.831615
2 0.653125 0.702083 0.078125 0.101389 0.834771
2 0.776563 0.910417 0.128125 0.173611 0.859596
