2 0.471094 0.458333 0.0203125 0.0333333 0.263311
2 0.396484 0.664583 0.0429688 0.0875 0.269661
2 0.404687 0.584028 0.0328125 0.0486111 0.307286
2 0.501562 0.504167 0.0234375 0.0333333 0.370669
25 0.0222656 0.74375 0.0445312 0.101389 0.428904
2 0.460156 0.515278 0.0265625 0.0416667 0.515692
2 0.632422 0.622222 0.0585938 0.0861111 0.545274
2 0.546094 0.503472 0.025 0.0347222 0.59936
2 0.596484 0.568056 0.0382813 0.0555556 0.608842
2 0.524219 0.563194 0.0359375 0.0486111 0.625953
2 0.677344 0.688194 0.0703125 0.104167 0.644925
2 0.815234 0.886111 0.136719 0.197222 0.66834
5 0.319922 0.798611 0.150781 0.388889 0.691614
2 0.471484 0.575694 0.0382813 0.0569444 0.721826
2 0.480859 0.648611 0.0460938 0.0861111 0.766788
2 0.553125 0.619444 0.0515625 0.0888889 0.793275
2 0.601562 0.746528 0.0734375 0.115278 0.84973
2 0.50625 0.848611 0.078125 0.163889 0.869685
