25 0.0296875 0.730556 0.059375 0.119444 0.252676
2 0.499609 0.452083 0.0195312 0.0263889 0.267467
2 0.447656 0.494444 0.025 0.0388889 0.274412
2 0.652344 0.482639 0.0375 0.0458333 0.286518
7 0.474219 0.648611 0.06875 0.175 0.331186
2 0.496094 0.504861 0.028125 0.0486111 0.370832
2 0.820703 0.880556 0.133594 0.219444 0.394322
7 0.821484 0.882639 0.135156 0.220833 0.409269
2 0.541797 0.504861 0.0273438 0.0375 0.458085
2 0.59375 0.575694 0.04375 0.0736111 0.458761
5 0.473437 0.644444 0.06875 0.177778 0.467826
2 0.453125 0.529861 0.03125 0.0458333 0.53108
2 0.838281 0.652778 0.08125 0.0805556 0.653184
2 0.740234 0.540972 0.0460938 0.0430556 0.660142
2 0.523438 0.559722 0.034375 0.0583333 0.663473
2 0.626953 0.624306 0.0554687 0.0763889 0.75028
2 0.375781 0.739583 0.071875 0.140278 0.772885
2 0.695312 0.727778 0.084375 0.125 0.813018
5 0.380078 0.572222 0.0710938 0.175 0.832482
2 0.554688 0.646528 0.053125 0.0847222 0.833281
2 0.503125 0.899306 0.0921875 0.195833 0.840481
2 0.694141 0.916667 0.132031 0.158333 0.869482
