2 0.628125 0.464583 0.03125 0.0375 0.253717
2 0.482031 0.455556 0.0203125 0.0277778 0.310322
2 0.423047 0.477778 0.0257812 0.0333333 0.439364
2 0.502344 0.485417 0.025 0.0347222 0.572212
2 0.381641 0.519444 0.0320312 0.0583333 0.627341
2 0.542188 0.524306 0.0328125 0.0458333 0.658476
2 0.476953 0.963194 0.0945313 0.0625 0.695835
2 0.611328 0.636111 0.0601562 0.0777778 0.702663
2 0.850781 0.684028 0.0921875 0.0930556 0.729628
2 0.723047 0.79375 0.110156 0.170833 0.781015
2 0.505469 0.572917 0.040625 0.0625 0.787752
2 0.349609 0.744444 0.0695312 0.138889 0.78844
2 0.442969 0.576389 0.0359375 0.0611111 0.811909
2 0.571875 0.711111 0.0796875 0.127778 0.819602
2 0.362109 0.616667 0.0460938 0.0694444 0.858935
