2 0.453125 0.4625 0.0203125 0.0222222 0.284274
2 0.603906 0.465972 0.0265625 0.0319444 0.31456
2 0.701953 0.974306 0.107031 0.0458333 0.341687
2 0.739062 0.597222 0.0453125 0.0472222 0.368467
2 0.496484 0.48125 0.0226563 0.0291667 0.380506
2 0.655859 0.479167 0.0351562 0.0388889 0.407631
2 0.421094 0.470139 0.021875 0.0291667 0.478928
2 0.383203 0.502083 0.0304688 0.0680556 0.654165
2 0.534766 0.513194 0.0257812 0.0402778 0.691338
2 0.964844 0.79375 0.0703125 0.0930556 0.717295
2 0.597266 0.610417 0.0476562 0.0680556 0.770325
2 0.555469 0.667361 0.065625 0.109722 0.787863
2 0.498437 0.549306 0.0359375 0.0569444 0.807424
2 0.364453 0.591667 0.0398437 0.0638889 0.815177
2 0.357812 0.711111 0.0625 0.122222 0.821649
2 0.689062 0.740278 0.09375 0.141667 0.825796
2 0.440234 0.557639 0.0351562 0.0625 0.834616
2 0.474219 0.915972 0.103125 0.1625 0.866012
2 0.916797 0.620833 0.0851562 0.075 0.876012
