2 0.889453 0.624306 0.0414063 0.0375 0.315972
2 0.542969 0.526389 0.028125 0.0444444 0.342918
2 0.717188 0.554167 0.0453125 0.0444444 0.486179
2 0.400391 0.584028 0.0351562 0.0597222 0.592642
2 0.458984 0.559028 0.0304688 0.0541667 0.607587
2 0.348047 0.829167 0.0867188 0.175 0.648688
2 0.590625 0.586111 0.040625 0.0555556 0.669479
2 0.916016 0.598611 0.0414063 0.05 0.690167
2 0.461328 0.652778 0.0445312 0.0805556 0.724146
2 0.529688 0.594444 0.0375 0.0555556 0.740892
2 0.480859 0.75625 0.0710938 0.145833 0.783252
2 0.639453 0.663889 0.0617188 0.0777778 0.790253
2 0.381641 0.689583 0.0492188 0.0847222 0.808614
2 0.791797 0.598611 0.0601562 0.0611111 0.830917
2 0.59375 0.772222 0.075 0.122222 0.876076
2 0.71875 0.825 0.10625 0.15 0.900048
