25 0.0132813 0.722222 0.0265625 0.0777778 0.294087
5 0.755859 0.783333 0.103906 0.197222 0.336934
7 0.75625 0.783333 0.101562 0.2 0.393081
2 0.571484 0.529861 0.0320312 0.0513889 0.460701
2 0.492188 0.842361 0.075 0.159722 0.485052
2 0.900391 0.95625 0.152344 0.0875 0.535867
5 0.465625 0.547222 0.0421875 0.113889 0.538208
2 0.603516 0.585417 0.0382813 0.0541667 0.547005
2 0.683594 0.497222 0.0359375 0.0444444 0.601461
2 0.523047 0.549306 0.0351562 0.0597222 0.610426
2 0.395703 0.622917 0.0492188 0.0930556 0.695859
2 0.495703 0.91875 0.0804688 0.151389 0.699364
2 0.333984 0.817361 0.0867188 0.168056 0.721633
2 0.486719 0.661111 0.0546875 0.1 0.737754
2 0.575781 0.656944 0.0609375 0.0972222 0.773234
5 0.395703 0.516667 0.0507812 0.127778 0.785746
2 0.774219 0.577083 0.0578125 0.0541667 0.792449
2 0.6625 0.675 0.0703125 0.102778 0.803764
2 0.928125 0.647917 0.096875 0.0847222 0.82835
2 0.625391 0.865972 0.114844 0.206944 0.862325
