7 0.676953 0.680556 0.0773437 0.141667 0.252794
2 0.472656 0.575694 0.034375 0.0486111 0.289706
2 0.793359 0.580556 0.0648438 0.0611111 0.326386
7 0.459375 0.507639 0.03125 0.0763889 0.342154
2 0.766406 0.600694 0.0640625 0.0597222 0.372901
2 0.567578 0.536111 0.0320312 0.05 0.416608
2 0.683594 0.513889 0.0375 0.0388889 0.419984
2 0.781641 0.517361 0.0382813 0.0375 0.437783
2 0.894531 0.604861 0.0453125 0.0486111 0.470687
2 0.528906 0.554861 0.040625 0.0541667 0.481001
5 0.407813 0.531944 0.040625 0.136111 0.481704
2 0.74375 0.516667 0.0421875 0.0444444 0.496773
2 0.676953 0.688194 0.0757812 0.123611 0.523948
2 0.346484 0.814583 0.0882813 0.179167 0.665136
2 0.476562 0.65625 0.0453125 0.109722 0.721447
2 0.821875 0.901389 0.1375 0.191667 0.741008
2 0.6125 0.609028 0.05 0.0708333 0.760393
2 0.376953 0.672917 0.0523437 0.0875 0.787303
2 0.543359 0.622222 0.0476562 0.0805556 0.797585
2 0.596484 0.733333 0.0726563 0.119444 0.828374
2 0.504297 0.89375 0.100781 0.201389 0.875817
