2 0.448047 0.478472 0.0195312 0.0291667 0.272492
2 0.698047 0.550694 0.0335938 0.0375 0.289098
2 0.474219 0.464583 0.0203125 0.0263889 0.321822
25 0.0257812 0.74375 0.0515625 0.109722 0.32729
7 0.680469 0.696528 0.078125 0.106944 0.535321
2 0.548437 0.506944 0.025 0.0388889 0.543525
2 0.504297 0.507639 0.0273438 0.0375 0.545482
2 0.635938 0.629861 0.05625 0.0847222 0.576952
2 0.460547 0.520139 0.0257812 0.0430556 0.578674
2 0.393359 0.677778 0.0429688 0.0972222 0.612962
2 0.597266 0.572222 0.0398437 0.0583333 0.685318
5 0.303516 0.811111 0.164844 0.377778 0.687378
2 0.529297 0.570139 0.0382813 0.0569444 0.707651
2 0.403125 0.59375 0.034375 0.0458333 0.734389
2 0.473047 0.584722 0.0398437 0.0611111 0.736546
2 0.836719 0.905556 0.146875 0.186111 0.7682
2 0.482031 0.663194 0.0484375 0.0847222 0.79917
2 0.608984 0.770139 0.0789063 0.123611 0.805643
2 0.557422 0.63125 0.0523437 0.0958333 0.81273
2 0.511719 0.899306 0.0875 0.184722 0.817325
