2 0.520703 0.478472 0.0179687 0.0263889 0.287994
2 0.651953 0.469444 0.0289063 0.0361111 0.289833
2 0.448828 0.479861 0.0195312 0.0291667 0.30596
2 0.475 0.466667 0.0203125 0.0277778 0.329899
2 0.50625 0.511806 0.0265625 0.0375 0.426532
5 0.392578 0.685417 0.0445312 0.101389 0.449404
7 0.310156 0.817361 0.15625 0.351389 0.454698
7 0.682813 0.703472 0.08125 0.109722 0.528059
2 0.549609 0.509028 0.0226563 0.0402778 0.555065
2 0.460156 0.524306 0.028125 0.0458333 0.578367
2 0.598047 0.573611 0.0398437 0.0555556 0.586984
2 0.391797 0.6875 0.0445312 0.0972222 0.600977
2 0.637109 0.631944 0.0585938 0.0861111 0.604121
5 0.307813 0.8125 0.159375 0.355556 0.63872
2 0.529297 0.572222 0.0351562 0.0583333 0.664002
2 0.474219 0.588194 0.0390625 0.0569444 0.717073
2 0.402734 0.596528 0.0351562 0.0486111 0.721604
2 0.560156 0.639583 0.0546875 0.0986111 0.769427
2 0.483203 0.671528 0.0492188 0.0930556 0.785436
2 0.851172 0.913889 0.152344 0.172222 0.820232
2 0.979297 0.701389 0.0414063 0.0777778 0.834514
2 0.614453 0.784722 0.0820312 0.133333 0.855499
2 0.514453 0.914583 0.0929687 0.165278 0.867988
