2 0.571094 0.545139 0.03125 0.0486111 0.273658
2 0.585547 0.626389 0.117969 0.0722222 0.276754
2 0.725391 0.508333 0.0382813 0.0444444 0.277706
2 0.474219 0.582639 0.034375 0.0486111 0.315875
2 0.667969 0.504861 0.034375 0.0402778 0.367209
2 0.756641 0.575694 0.0710938 0.0680556 0.367812
7 0.459766 0.511111 0.0320312 0.0833333 0.464617
2 0.685547 0.697917 0.0757812 0.1375 0.478715
5 0.406641 0.526389 0.0414063 0.152778 0.512368
7 0.685156 0.695139 0.075 0.143056 0.521822
2 0.532422 0.561111 0.0382813 0.0555556 0.549285
2 0.477734 0.663889 0.0476562 0.113889 0.661201
2 0.547656 0.632639 0.05 0.0819444 0.69594
2 0.617578 0.61875 0.0507812 0.0736111 0.76566
2 0.373437 0.681944 0.0578125 0.0944444 0.780799
2 0.340625 0.833333 0.09375 0.186111 0.795647
2 0.507031 0.914583 0.104687 0.168056 0.823381
2 0.833203 0.909028 0.144531 0.181944 0.829986
2 0.607031 0.755556 0.0765625 0.133333 0.838506
