2 0.475391 0.494444 0.0242187 0.0305556 0.250035
2 0.608203 0.460417 0.0195312 0.0291667 0.2774
2 0.512109 0.495139 0.0242187 0.0347222 0.300211
2 0.637891 0.496528 0.0289063 0.0402778 0.319282
2 0.480078 0.461111 0.0179687 0.0277778 0.331555
2 0.863672 0.956944 0.136719 0.0777778 0.358121
2 0.433594 0.517361 0.021875 0.0375 0.442761
2 0.958203 0.778472 0.0820312 0.0958333 0.454924
2 0.535156 0.520833 0.0265625 0.0361111 0.547254
2 0.448438 0.561111 0.034375 0.0527778 0.667088
2 0.498047 0.538194 0.0289063 0.0402778 0.676365
2 0.561719 0.56875 0.0390625 0.0597222 0.698833
2 0.387109 0.565278 0.0320312 0.05 0.723896
2 0.467578 0.704167 0.0492188 0.0944444 0.748638
2 0.735156 0.586806 0.0484375 0.0541667 0.771767
2 0.372656 0.643056 0.05 0.0888889 0.789306
2 0.477344 0.822917 0.078125 0.156944 0.819071
2 0.342578 0.788194 0.0742188 0.1375 0.824869
2 0.610547 0.821528 0.0945313 0.168056 0.838753
2 0.634766 0.659722 0.0632813 0.0833333 0.846277
