2 0.414453 0.459722 0.0242187 0.025 0.341017
2 0.514453 0.500694 0.0273438 0.0347222 0.389571
2 0.382422 0.488194 0.0242187 0.0569444 0.389874
2 0.960938 0.797917 0.0765625 0.0763889 0.401786
2 0.565625 0.570833 0.0421875 0.05 0.470319
2 0.484375 0.527083 0.0296875 0.0430556 0.552937
7 0.286719 0.936806 0.109375 0.115278 0.609101
2 0.672266 0.515972 0.0351562 0.0375 0.672903
2 0.751172 0.529167 0.0507812 0.0527778 0.682462
2 0.434375 0.526389 0.0296875 0.0527778 0.700073
2 0.454297 0.905556 0.0945313 0.180556 0.754545
2 0.522656 0.603472 0.0484375 0.0708333 0.785782
2 0.371484 0.557639 0.0320312 0.0513889 0.793037
2 0.612891 0.828472 0.110156 0.204167 0.80122
2 0.794141 0.897222 0.142969 0.191667 0.814509
2 0.369531 0.654167 0.05 0.0888889 0.825685
2 0.458984 0.747222 0.0648438 0.119444 0.835975
2 0.625391 0.65625 0.0632813 0.0930556 0.837521
