2 0.455078 0.470833 0.0226563 0.0361111 0.291527
2 0.417188 0.48125 0.0234375 0.0347222 0.343635
7 0.260938 0.977778 0.0859375 0.0444444 0.359619
2 0.515234 0.506944 0.0304688 0.0388889 0.369809
2 0.546094 0.544444 0.0359375 0.0555556 0.583633
2 0.380078 0.547222 0.0335938 0.0527778 0.601373
2 0.48125 0.5125 0.03125 0.05 0.61808
2 0.864062 0.6125 0.06875 0.0611111 0.660098
2 0.438281 0.568056 0.0390625 0.0583333 0.670888
2 0.852734 0.689583 0.0992187 0.0930556 0.69179
2 0.434375 0.63125 0.0484375 0.0847222 0.696187
2 0.778906 0.58125 0.0640625 0.0736111 0.708733
2 0.515625 0.589583 0.0453125 0.0791667 0.770251
2 0.605078 0.629861 0.0570313 0.0708333 0.785646
2 0.348047 0.684722 0.0570313 0.0972222 0.801086
2 0.609375 0.845139 0.103125 0.190278 0.854492
2 0.466016 0.920833 0.108594 0.15 0.85672
2 0.670313 0.754861 0.08125 0.126389 0.867526
