2 0.393359 0.490972 0.0242187 0.0375 0.286069
2 0.6125 0.4625 0.0234375 0.0305556 0.317037
2 0.644141 0.499306 0.0320312 0.0430556 0.34321
2 0.433203 0.513194 0.0226563 0.0375 0.352084
2 0.848828 0.95 0.147656 0.1 0.411784
2 0.533594 0.515278 0.0265625 0.0388889 0.518568
2 0.496875 0.534722 0.028125 0.0388889 0.645346
2 0.748828 0.597917 0.0507812 0.0597222 0.660211
2 0.448047 0.556944 0.0335938 0.0472222 0.676639
2 0.558594 0.564583 0.0375 0.0569444 0.689466
2 0.466797 0.692361 0.0476562 0.0930556 0.735339
2 0.475781 0.806944 0.075 0.147222 0.73854
2 0.342578 0.780556 0.0726563 0.133333 0.748388
2 0.386719 0.563194 0.03125 0.0486111 0.76625
2 0.374219 0.6375 0.05 0.0861111 0.790217
2 0.602344 0.798611 0.0921875 0.158333 0.793251
2 0.628125 0.651389 0.059375 0.0805556 0.838069
