2 0.469531 0.559722 0.03125 0.0444444 0.275417
5 0.409375 0.529861 0.040625 0.131944 0.328699
7 0.408594 0.534722 0.0390625 0.116667 0.366134
2 0.559766 0.530556 0.0320312 0.0416667 0.397825
7 0.456641 0.496528 0.0273438 0.0791667 0.413232
2 0.8625 0.63125 0.1 0.0736111 0.41452
25 0.0140625 0.752083 0.028125 0.0875 0.417528
2 0.723047 0.536111 0.0445312 0.0416667 0.52896
2 0.523047 0.540278 0.0351562 0.0472222 0.547066
2 0.357422 0.777083 0.0789063 0.154167 0.552011
7 0.357422 0.777083 0.0773437 0.156944 0.567131
7 0.660547 0.667361 0.0726563 0.123611 0.615297
2 0.784766 0.536111 0.0492188 0.0555556 0.619177
2 0.474219 0.63125 0.0421875 0.109722 0.624497
2 0.601953 0.594444 0.0445312 0.0638889 0.698523
2 0.536719 0.597917 0.04375 0.0736111 0.734872
2 0.38125 0.653472 0.0484375 0.0819444 0.747632
2 0.964063 0.640972 0.071875 0.0708333 0.797269
2 0.799609 0.870139 0.124219 0.176389 0.810355
2 0.580469 0.690278 0.0578125 0.1 0.814798
2 0.498437 0.828472 0.090625 0.190278 0.875642
