25 0.0160156 0.736111 0.0320312 0.105556 0.269667
2 0.641797 0.463194 0.0257812 0.0319444 0.272286
2 0.81875 0.554167 0.04375 0.0611111 0.27455
2 0.466406 0.552778 0.03125 0.0444444 0.277769
2 0.660156 0.496528 0.03125 0.0375 0.28326
7 0.409375 0.534028 0.0375 0.0986111 0.298959
2 0.526172 0.556944 0.0429688 0.0638889 0.343267
7 0.410156 0.494444 0.040625 0.119444 0.35034
2 0.517969 0.53125 0.0328125 0.0458333 0.523227
2 0.553125 0.517361 0.0296875 0.0430556 0.532954
7 0.454297 0.4875 0.0273438 0.0805556 0.568777
2 0.362109 0.747917 0.0726563 0.1375 0.635395
2 0.760547 0.561111 0.0523437 0.05 0.655705
2 0.531641 0.5875 0.0382813 0.0638889 0.663154
2 0.955469 0.685417 0.0875 0.0875 0.69009
2 0.596484 0.581944 0.0414063 0.0666667 0.694375
2 0.472266 0.622222 0.0398437 0.0972222 0.702445
2 0.384375 0.638889 0.046875 0.0722222 0.747138
2 0.654688 0.661111 0.0609375 0.0916667 0.77518
2 0.782422 0.840972 0.117969 0.168056 0.778274
2 0.912891 0.709028 0.0945313 0.104167 0.802233
2 0.569141 0.663889 0.0523437 0.0861111 0.821661
2 0.494141 0.785417 0.0789063 0.165278 0.846432
