7 0.408984 0.497917 0.0351562 0.120833 0.31866
2 0.506641 0.511806 0.0289063 0.0402778 0.34489
2 0.698047 0.973611 0.0976562 0.05 0.364162
2 0.409766 0.534028 0.0335938 0.0652778 0.371305
2 0.540234 0.50625 0.0273438 0.0402778 0.394904
2 0.461328 0.531944 0.0304688 0.0361111 0.418371
2 0.579297 0.559722 0.0382813 0.0555556 0.563912
2 0.954687 0.629861 0.0796875 0.0930556 0.641413
2 0.389453 0.616667 0.0398437 0.0611111 0.652071
2 0.519922 0.560417 0.0367187 0.0541667 0.65522
2 0.717969 0.532639 0.040625 0.0430556 0.685989
2 0.764453 0.597917 0.0617188 0.0625 0.723514
2 0.373047 0.700694 0.0648438 0.120833 0.723771
2 0.891797 0.956944 0.167969 0.0805556 0.724149
2 0.628906 0.623611 0.053125 0.0861111 0.737061
2 0.550781 0.618056 0.0453125 0.0722222 0.754783
2 0.467578 0.595833 0.0351562 0.0805556 0.789394
2 0.885156 0.645833 0.0875 0.075 0.812254
2 0.485156 0.714583 0.0640625 0.126389 0.844291
2 0.742969 0.784722 0.0984375 0.136111 0.867569
