2 0.597266 0.731944 0.135156 0.138889 0.266824
2 0.438281 0.552778 0.0359375 0.05 0.267385
2 0.418359 0.475 0.0195312 0.0277778 0.283714
2 0.478516 0.506944 0.0304688 0.0472222 0.384912
2 0.511328 0.503472 0.0304688 0.0375 0.460807
2 0.383984 0.534028 0.0335938 0.0513889 0.491085
2 0.542188 0.536111 0.0328125 0.0444444 0.514185
2 0.973437 0.689583 0.053125 0.0652778 0.570943
2 0.433984 0.603472 0.0429688 0.0791667 0.71112
2 0.964453 0.794444 0.0710938 0.105556 0.714346
2 0.510547 0.570833 0.0414063 0.075 0.716323
2 0.878906 0.648611 0.0859375 0.0944444 0.720343
7 0.285937 0.921528 0.0984375 0.148611 0.730048
2 0.591797 0.608333 0.0492188 0.0611111 0.757805
2 0.640625 0.703472 0.071875 0.101389 0.7677
2 0.358984 0.659722 0.0523437 0.0888889 0.825466
2 0.844141 0.915972 0.158594 0.1625 0.840971
2 0.579297 0.755556 0.0804688 0.138889 0.857881
2 0.462891 0.852778 0.0820312 0.188889 0.867683
