5 0.46875 0.615278 0.059375 0.158333 0.273726
2 0.576563 0.61875 0.1125 0.0736111 0.276302
2 0.795703 0.851389 0.130469 0.236111 0.277283
2 0.589844 0.565972 0.0453125 0.0736111 0.277553
2 0.293359 0.963194 0.0976562 0.0652778 0.278723
2 0.626172 0.472222 0.0273438 0.0333333 0.283294
2 0.535156 0.492361 0.0234375 0.0375 0.293744
2 0.489062 0.488889 0.028125 0.0444444 0.320176
2 0.797266 0.522222 0.0492188 0.0444444 0.337969
2 0.45 0.513889 0.0328125 0.0444444 0.380028
2 0.694141 0.506944 0.0382813 0.0416667 0.392725
7 0.797656 0.854861 0.125 0.226389 0.414349
2 0.469141 0.613194 0.0585938 0.154167 0.5188
2 0.516016 0.541667 0.0304688 0.05 0.537988
2 0.964844 0.763194 0.0703125 0.0736111 0.65229
2 0.621094 0.615972 0.0515625 0.0736111 0.715428
2 0.812891 0.590972 0.0632813 0.0541667 0.716457
2 0.38125 0.704167 0.0640625 0.116667 0.815904
5 0.383984 0.55625 0.0648438 0.151389 0.818553
2 0.542969 0.617361 0.0484375 0.0763889 0.823305
2 0.966406 0.646528 0.0671875 0.0763889 0.831152
2 0.685938 0.718056 0.08125 0.122222 0.839033
2 0.495703 0.811111 0.0789063 0.166667 0.843952
2 0.648828 0.841667 0.113281 0.197222 0.890159
