2 0.494922 0.502083 0.0242187 0.0402778 0.289238
2 0.409766 0.486111 0.0242187 0.0333333 0.298603
5 0.451562 0.334028 0.140625 0.0625 0.316612
0 0.0160156 0.757639 0.0320312 0.0958333 0.323714
2 0.5625 0.553472 0.0265625 0.0375 0.461283
2 0.441016 0.504861 0.0242187 0.0430556 0.501104
2 0.542578 0.518056 0.0257812 0.0305556 0.506311
2 0.407813 0.536806 0.0296875 0.0430556 0.577728
2 0.514844 0.552778 0.03125 0.0472222 0.591211
2 0.460156 0.567361 0.03125 0.0513889 0.625815
2 0.664453 0.683333 0.0726563 0.119444 0.636391
2 0.773438 0.625 0.0640625 0.0611111 0.709053
2 0.357422 0.770139 0.0679687 0.123611 0.741344
2 0.611328 0.600694 0.0414063 0.0625 0.743852
2 0.386328 0.629167 0.0445312 0.0833333 0.747805
2 0.611719 0.786111 0.0828125 0.147222 0.760571
2 0.879297 0.652778 0.0867188 0.075 0.786647
2 0.478906 0.736111 0.0609375 0.113889 0.808055
2 0.544922 0.640278 0.0460938 0.0777778 0.818457
