2 0.540234 0.515972 0.0242187 0.0319444 0.251249
2 0.489844 0.961806 0.090625 0.0625 0.303621
2 0.559766 0.55 0.0273438 0.0361111 0.318108
2 0.440625 0.503472 0.0234375 0.0430556 0.410334
2 0.410156 0.534028 0.03125 0.0430556 0.442459
2 0.513281 0.549306 0.0296875 0.0458333 0.515866
2 0.806641 0.649306 0.0726563 0.0652778 0.537455
2 0.459766 0.563194 0.0304688 0.0486111 0.633276
2 0.605469 0.592361 0.0421875 0.0625 0.679101
2 0.389062 0.622917 0.0421875 0.0763889 0.744675
2 0.540625 0.626389 0.04375 0.075 0.767989
2 0.361328 0.752083 0.0664062 0.115278 0.772099
2 0.655469 0.675694 0.0734375 0.0986111 0.797181
2 0.478516 0.714583 0.0570313 0.106944 0.822436
2 0.599609 0.757639 0.0773437 0.134722 0.866192
2 0.936328 0.694444 0.0945313 0.0833333 0.873765
