2 0.395312 0.504167 0.0265625 0.0472222 0.316488
2 0.436719 0.538889 0.0265625 0.0333333 0.3322
2 0.520703 0.507639 0.0242187 0.0375 0.347374
2 0.480469 0.504861 0.025 0.0347222 0.502469
2 0.545703 0.536111 0.0304688 0.0388889 0.512712
2 0.841797 0.678472 0.0898438 0.0875 0.683165
2 0.574219 0.589583 0.0421875 0.0652778 0.68676
2 0.692187 0.552083 0.0375 0.0458333 0.702982
2 0.451172 0.584722 0.0382813 0.05 0.711142
2 0.336719 0.820139 0.078125 0.148611 0.720462
2 0.385938 0.586806 0.034375 0.0541667 0.725704
2 0.504687 0.555556 0.03125 0.0472222 0.744634
2 0.65625 0.695833 0.071875 0.0972222 0.821586
2 0.370703 0.665972 0.0554687 0.0986111 0.827009
2 0.472656 0.745833 0.0578125 0.111111 0.829381
2 0.649609 0.908333 0.119531 0.183333 0.856302
2 0.482812 0.905556 0.0921875 0.183333 0.873707
2 0.953906 0.711806 0.0921875 0.0875 0.879714
