2 0.397266 0.566667 0.0289063 0.0333333 0.292139
2 0.547656 0.520833 0.028125 0.0361111 0.297932
2 0.496094 0.517361 0.0265625 0.0458333 0.364087
7 0.409766 0.481944 0.0335938 0.102778 0.403586
2 0.459375 0.543056 0.028125 0.0611111 0.504013
2 0.763672 0.519444 0.0414063 0.0388889 0.618992
2 0.51875 0.554167 0.03125 0.0472222 0.642649
2 0.583203 0.564583 0.0382813 0.0652778 0.654975
2 0.391797 0.627778 0.0460938 0.0833333 0.78208
2 0.344922 0.807639 0.0820312 0.140278 0.806434
2 0.473828 0.622917 0.0460938 0.0791667 0.816788
2 0.656641 0.665972 0.0632813 0.0847222 0.851677
2 0.476953 0.805556 0.0757812 0.152778 0.864148
2 0.584375 0.715972 0.071875 0.1125 0.868463
2 0.758984 0.828472 0.114844 0.156944 0.89528
