2 0.70625 0.977778 0.096875 0.0444444 0.280546
7 0.313672 0.914583 0.0976562 0.165278 0.308
2 0.404297 0.497917 0.0226563 0.0319444 0.314787
2 0.701172 0.531944 0.0382813 0.0416667 0.340446
2 0.887891 0.716667 0.0757812 0.0861111 0.403002
2 0.501953 0.514583 0.0289063 0.0486111 0.452798
2 0.440234 0.520833 0.0304688 0.0611111 0.460979
2 0.558203 0.5375 0.0320312 0.0388889 0.474068
2 0.395703 0.566667 0.0335938 0.0527778 0.622522
5 0.639844 0.340278 0.135937 0.0722222 0.641241
2 0.580078 0.585417 0.0335938 0.0486111 0.680181
2 0.887109 0.619444 0.0585938 0.05 0.689433
2 0.526563 0.586111 0.0390625 0.0638889 0.700508
2 0.362891 0.695833 0.0585938 0.108333 0.720021
2 0.312891 0.913889 0.0976562 0.161111 0.725603
2 0.462891 0.614583 0.0429688 0.0763889 0.750708
2 0.653125 0.659722 0.065625 0.0888889 0.778504
2 0.746094 0.813194 0.115625 0.184722 0.795608
2 0.575781 0.743056 0.0734375 0.125 0.864938
2 0.484766 0.909028 0.0960938 0.173611 0.876631
