2 0.557422 0.552083 0.0335938 0.0513889 0.31935
7 0.359375 0.749306 0.06875 0.131944 0.391822
2 0.396875 0.552778 0.03125 0.0444444 0.431727
2 0.444141 0.523611 0.0273438 0.0472222 0.470279
2 0.359375 0.747917 0.06875 0.131944 0.470727
7 0.300781 0.94375 0.109375 0.101389 0.472888
2 0.507031 0.554167 0.0296875 0.0416667 0.489214
2 0.502344 0.956944 0.0859375 0.0861111 0.534736
2 0.449219 0.602083 0.0359375 0.0597222 0.730952
2 0.869531 0.668056 0.0859375 0.0888889 0.760282
2 0.464063 0.671528 0.053125 0.0958333 0.785349
2 0.380859 0.647222 0.0398437 0.0722222 0.795603
2 0.639063 0.703472 0.071875 0.101389 0.81066
2 0.812109 0.916667 0.141406 0.163889 0.812482
2 0.544531 0.65625 0.0484375 0.0763889 0.82909
2 0.592578 0.605556 0.0445312 0.0555556 0.863475
