2 0.451562 0.515278 0.025 0.0527778 0.29206
2 0.554688 0.535417 0.028125 0.0430556 0.372677
2 0.990625 0.646528 0.01875 0.0375 0.452855
2 0.778125 0.545833 0.0515625 0.05 0.463047
2 0.671875 0.518056 0.0375 0.0444444 0.603654
2 0.332031 0.895139 0.101562 0.201389 0.624706
2 0.464063 0.577778 0.034375 0.0583333 0.683361
2 0.398828 0.596528 0.0382813 0.0652778 0.695015
2 0.725391 0.554167 0.0445312 0.0444444 0.733108
2 0.609375 0.609028 0.0453125 0.0625 0.766762
2 0.541797 0.619444 0.0445312 0.0638889 0.779464
2 0.488281 0.827083 0.0859375 0.173611 0.811337
2 0.377344 0.709028 0.053125 0.0958333 0.813877
2 0.776172 0.908333 0.138281 0.183333 0.822365
2 0.667188 0.698611 0.0734375 0.0944444 0.831405
2 0.465625 0.682639 0.05 0.0930556 0.840863
2 0.636328 0.883333 0.100781 0.172222 0.883663
