2 0.678125 0.557639 0.03125 0.0430556 0.281926
2 0.396484 0.533333 0.0304688 0.0416667 0.345867
7 0.314063 0.907639 0.096875 0.173611 0.537594
2 0.540234 0.534028 0.0273438 0.0347222 0.541752
2 0.314063 0.906944 0.096875 0.175 0.563294
2 0.435547 0.508333 0.0257812 0.0388889 0.563969
2 0.494531 0.532639 0.0296875 0.0375 0.590317
2 0.444531 0.575 0.0359375 0.0583333 0.595582
2 0.572656 0.573611 0.0359375 0.0527778 0.6992
2 0.733203 0.815278 0.102344 0.147222 0.724456
2 0.361719 0.713889 0.0625 0.116667 0.729335
2 0.760547 0.586111 0.0554687 0.0527778 0.739986
2 0.380859 0.625 0.0382813 0.0666667 0.745683
2 0.485547 0.879167 0.0773437 0.169444 0.74669
2 0.524609 0.609028 0.0414063 0.0625 0.782669
2 0.608203 0.652083 0.0570313 0.0791667 0.803673
2 0.458594 0.634722 0.046875 0.0805556 0.814007
