2 0.468359 0.600694 0.0539063 0.1375 0.362211
2 0.583984 0.555556 0.0398437 0.0583333 0.365579
2 0.510156 0.531944 0.0296875 0.0444444 0.395386
2 0.652734 0.488194 0.0320312 0.0402778 0.468423
7 0.467969 0.593056 0.0546875 0.147222 0.470008
7 0.785937 0.833333 0.11875 0.222222 0.517021
2 0.730469 0.530556 0.0453125 0.0472222 0.552974
2 0.300781 0.927778 0.10625 0.133333 0.658258
2 0.385547 0.677778 0.0632813 0.116667 0.760003
5 0.386328 0.544444 0.0617188 0.15 0.781805
2 0.536719 0.597222 0.04375 0.0694444 0.784713
2 0.615234 0.60625 0.0539063 0.0708333 0.787912
2 0.680859 0.707639 0.0804688 0.118056 0.817289
2 0.621094 0.780556 0.09375 0.158333 0.818837
2 0.894141 0.640278 0.0757812 0.0777778 0.828156
2 0.493359 0.757639 0.0710938 0.134722 0.846839
