2 0.403906 0.497917 0.025 0.0458333 0.25114
2 0.487109 0.506944 0.0210938 0.0361111 0.261203
2 0.523047 0.509028 0.0195312 0.0291667 0.361599
2 0.686719 0.504167 0.028125 0.0333333 0.396866
2 0.558984 0.532639 0.0335938 0.0430556 0.433535
2 0.442969 0.507639 0.021875 0.0375 0.497106
2 0.502734 0.547917 0.0273438 0.0375 0.497404
2 0.401563 0.541667 0.028125 0.0527778 0.498245
7 0.619531 0.792361 0.090625 0.170833 0.500562
2 0.621484 0.79375 0.0882813 0.165278 0.546425
2 0.355078 0.777778 0.0742188 0.144444 0.651178
2 0.389844 0.607639 0.0390625 0.0597222 0.663655
2 0.583203 0.570139 0.0398437 0.0652778 0.735386
2 0.461328 0.576389 0.0351562 0.0611111 0.740454
2 0.529688 0.59375 0.0359375 0.0569444 0.761391
2 0.685938 0.729861 0.0734375 0.104167 0.766114
2 0.466016 0.691667 0.0539063 0.105556 0.796586
