2 0.471875 0.470139 0.021875 0.0291667 0.263859
2 0.546875 0.524306 0.0265625 0.0347222 0.301286
2 0.713281 0.569444 0.05 0.0416667 0.321343
2 0.497266 0.505556 0.0273438 0.0472222 0.375664
25 0.0214844 0.754861 0.0414063 0.106944 0.510661
2 0.568359 0.561806 0.0304688 0.0458333 0.520164
5 0.526172 0.336806 0.135156 0.0597222 0.541233
2 0.403516 0.545139 0.0304688 0.0458333 0.594633
2 0.441797 0.509722 0.0257812 0.0472222 0.617579
2 0.624609 0.614583 0.0507812 0.0736111 0.704319
2 0.460938 0.583333 0.034375 0.0555556 0.714226
2 0.51875 0.560417 0.034375 0.0541667 0.792064
2 0.342969 0.816667 0.0796875 0.144444 0.793151
2 0.553516 0.66875 0.0570313 0.0875 0.798916
2 0.380078 0.652778 0.0507812 0.0888889 0.802096
2 0.644922 0.869444 0.107031 0.2 0.803754
2 0.794922 0.594444 0.0585938 0.0527778 0.833587
2 0.688281 0.723611 0.0859375 0.122222 0.85859
2 0.480859 0.788889 0.0695312 0.136111 0.860402
