2 0.530469 0.493056 0.025 0.0305556 0.266881
2 0.451562 0.494444 0.0234375 0.0361111 0.338059
2 0.482812 0.48125 0.021875 0.0319444 0.378777
2 0.587109 0.7125 0.0726563 0.144444 0.408042
7 0.587891 0.713889 0.0726563 0.136111 0.409962
2 0.364453 0.784028 0.0695312 0.140278 0.443029
7 0.362109 0.7875 0.0726563 0.141667 0.453843
25 0.0234375 0.7375 0.046875 0.102778 0.479799
2 0.558203 0.51875 0.0304688 0.0430556 0.537164
2 0.4625 0.549306 0.0328125 0.0513889 0.595343
2 0.516406 0.539583 0.0296875 0.0402778 0.607618
2 0.652734 0.657639 0.0664062 0.0930556 0.687182
2 0.70625 0.520833 0.040625 0.0444444 0.691389
2 0.728125 0.768056 0.103125 0.144444 0.705264
2 0.606641 0.588194 0.0445312 0.0597222 0.719114
2 0.389453 0.638194 0.0460938 0.0819444 0.756821
2 0.792188 0.567361 0.05625 0.0597222 0.774375
2 0.477734 0.642361 0.0523437 0.0819444 0.795703
2 0.676953 0.936806 0.117969 0.118056 0.813156
2 0.5375 0.604861 0.0453125 0.0569444 0.815318
2 0.489453 0.802778 0.0695312 0.147222 0.837638
