2 0.670703 0.502083 0.0289063 0.0347222 0.264342
2 0.407031 0.456944 0.021875 0.025 0.287904
2 0.378516 0.485417 0.0195312 0.0430556 0.355248
2 0.542969 0.545139 0.0359375 0.0430556 0.370702
2 0.471094 0.505556 0.028125 0.0416667 0.481786
7 0.694531 0.763194 0.0984375 0.126389 0.482467
2 0.426562 0.507639 0.0265625 0.0486111 0.486017
2 0.651563 0.534722 0.0421875 0.0444444 0.518144
2 0.694922 0.763889 0.0976562 0.127778 0.567228
2 0.502344 0.563889 0.0390625 0.0611111 0.592719
2 0.882422 0.595833 0.0679687 0.0694444 0.673273
2 0.447656 0.659028 0.05 0.0819444 0.676887
2 0.317187 0.831944 0.0828125 0.163889 0.741912
2 0.371484 0.535417 0.0289063 0.0430556 0.742789
2 0.758203 0.576389 0.0539063 0.0527778 0.777093
2 0.374609 0.611111 0.0414063 0.0777778 0.781174
2 0.587891 0.609028 0.0523437 0.0708333 0.794044
2 0.558594 0.704167 0.0734375 0.133333 0.796915
2 0.444922 0.792361 0.0789063 0.159722 0.817449
