2 0.377344 0.466667 0.021875 0.0388889 0.27048
2 0.374609 0.494444 0.0242187 0.0333333 0.296974
2 0.517578 0.507639 0.0289063 0.0375 0.300175
2 0.480859 0.461111 0.0226563 0.0305556 0.310129
2 0.548047 0.547917 0.0382813 0.0597222 0.335051
2 0.455469 0.474306 0.021875 0.0319444 0.341294
2 0.417969 0.482639 0.025 0.0402778 0.462097
2 0.482422 0.517361 0.0320312 0.0513889 0.576376
2 0.438281 0.572222 0.0390625 0.0611111 0.624357
2 0.378906 0.552778 0.0328125 0.0555556 0.66557
2 0.434766 0.640972 0.0492188 0.0930556 0.686029
2 0.466797 0.940972 0.103906 0.1125 0.713806
2 0.818359 0.656944 0.0898438 0.0861111 0.726383
2 0.757422 0.569444 0.0601562 0.0638889 0.76287
2 0.517187 0.598611 0.046875 0.0805556 0.767669
2 0.610547 0.638889 0.0601562 0.0777778 0.773643
2 0.621094 0.881944 0.110937 0.211111 0.813125
2 0.345313 0.695139 0.0578125 0.101389 0.823908
2 0.682422 0.775694 0.0851562 0.131944 0.870735
