2 0.522266 0.645833 0.135156 0.0972222 0.250455
25 0.0121094 0.71875 0.0242187 0.0708333 0.252888
2 0.569531 0.524306 0.03125 0.0541667 0.301068
7 0.465234 0.540972 0.0398437 0.106944 0.317596
7 0.750781 0.773611 0.10625 0.197222 0.394729
5 0.465625 0.541667 0.040625 0.108333 0.407232
2 0.600781 0.577778 0.0421875 0.0555556 0.444044
2 0.749219 0.772222 0.104687 0.194444 0.460223
2 0.897266 0.950694 0.157031 0.0986111 0.536405
2 0.521094 0.543056 0.03125 0.0527778 0.576827
2 0.56875 0.640278 0.059375 0.0944444 0.629471
2 0.399219 0.615278 0.0484375 0.0861111 0.638345
2 0.340625 0.795139 0.08125 0.151389 0.676937
2 0.703516 0.509722 0.0398437 0.0444444 0.700803
5 0.397656 0.513194 0.0484375 0.120833 0.756004
2 0.660547 0.665972 0.0695312 0.104167 0.763196
2 0.493359 0.872917 0.0789063 0.168056 0.765811
2 0.485547 0.652083 0.0539063 0.0902778 0.773557
2 0.908203 0.603472 0.0679687 0.0597222 0.826904
2 0.811328 0.603472 0.0679687 0.0680556 0.839863
2 0.968359 0.690972 0.0632813 0.0875 0.843395
2 0.611328 0.821528 0.100781 0.184722 0.88867
