2 0.552734 0.529861 0.0257812 0.0375 0.267411
2 0.500391 0.527083 0.0273438 0.0430556 0.407754
2 0.460938 0.556944 0.0296875 0.0583333 0.448341
2 0.33125 0.850694 0.0921875 0.1625 0.484803
7 0.409766 0.486111 0.0351562 0.102778 0.491966
2 0.523828 0.5625 0.0335938 0.0527778 0.49983
7 0.33125 0.851389 0.0875 0.161111 0.592855
2 0.810156 0.5625 0.059375 0.0555556 0.637414
2 0.591406 0.575694 0.040625 0.0736111 0.661108
2 0.726953 0.504861 0.0351562 0.0347222 0.69054
2 0.389844 0.638194 0.0484375 0.0902778 0.723712
2 0.476172 0.636111 0.0492188 0.0861111 0.742529
2 0.669141 0.684722 0.0695312 0.0916667 0.833058
2 0.478906 0.85625 0.084375 0.176389 0.852622
2 0.599219 0.754861 0.0796875 0.120833 0.878434
2 0.960156 0.709028 0.0796875 0.0847222 0.880506
2 0.784766 0.871528 0.130469 0.173611 0.913242
