2 0.492188 0.476389 0.021875 0.0277778 0.272092
2 0.377734 0.48125 0.0257812 0.0430556 0.281882
2 0.701563 0.515972 0.0453125 0.0402778 0.350914
2 0.533984 0.531944 0.0304688 0.0388889 0.395799
2 0.463672 0.496528 0.0257812 0.0375 0.429792
2 0.371875 0.522222 0.0296875 0.0388889 0.460144
2 0.422266 0.5 0.0257812 0.0472222 0.521798
2 0.659375 0.509028 0.040625 0.0458333 0.601638
2 0.692187 0.563194 0.0421875 0.0541667 0.637454
2 0.494922 0.547917 0.0351562 0.0569444 0.658764
2 0.327344 0.780556 0.075 0.138889 0.680575
2 0.822266 0.622917 0.0695312 0.0569444 0.681247
2 0.574219 0.588889 0.04375 0.0638889 0.706539
2 0.375 0.590278 0.0390625 0.0666667 0.715501
2 0.442578 0.630556 0.0460938 0.0833333 0.726111
2 0.439844 0.732639 0.0640625 0.123611 0.792027
2 0.660547 0.715278 0.0820312 0.108333 0.795273
2 0.792578 0.922917 0.132031 0.151389 0.81194
2 0.541406 0.663889 0.0625 0.111111 0.82385
2 0.960547 0.6375 0.0789063 0.0805556 0.851773
