2 0.382422 0.508333 0.0257812 0.0388889 0.268184
2 0.466797 0.486111 0.0210938 0.0277778 0.270111
2 0.448438 0.575 0.0328125 0.0555556 0.339056
2 0.519141 0.511111 0.0273438 0.0361111 0.416071
2 0.426562 0.492361 0.028125 0.0430556 0.547294
2 0.804688 0.595833 0.075 0.0694444 0.564416
2 0.682813 0.553472 0.046875 0.0513889 0.652176
2 0.714453 0.511111 0.0414063 0.0444444 0.714154
2 0.564844 0.561111 0.0375 0.0527778 0.73171
2 0.377734 0.558333 0.0351562 0.0611111 0.767068
2 0.452734 0.638889 0.0507812 0.0805556 0.767768
2 0.353125 0.672917 0.053125 0.0902778 0.8071
2 0.325 0.878472 0.09375 0.206944 0.828812
2 0.849219 0.929861 0.1625 0.1375 0.839112
2 0.640625 0.870833 0.121875 0.222222 0.841672
2 0.526172 0.620833 0.0523437 0.0805556 0.84672
2 0.664062 0.716667 0.08125 0.105556 0.851118
