2 0.510938 0.495139 0.021875 0.0291667 0.25818
2 0.651172 0.497917 0.0492188 0.0375 0.28633
7 0.304688 0.938889 0.110937 0.111111 0.35302
2 0.458203 0.661111 0.0492188 0.122222 0.421268
2 0.626172 0.50625 0.0304688 0.0375 0.424952
7 0.725391 0.810417 0.110156 0.145833 0.428127
2 0.305078 0.938194 0.108594 0.1125 0.45293
2 0.726172 0.809722 0.111719 0.147222 0.456219
2 0.385156 0.527083 0.028125 0.0430556 0.511767
2 0.659766 0.486806 0.0320312 0.0375 0.532914
2 0.433594 0.510417 0.034375 0.0597222 0.539481
2 0.534375 0.531944 0.0296875 0.0388889 0.558183
2 0.478516 0.50625 0.0257812 0.0375 0.56136
2 0.454297 0.618056 0.0382813 0.0666667 0.621644
2 0.707031 0.960417 0.121875 0.0763889 0.736267
2 0.589063 0.596528 0.04375 0.0597222 0.758892
2 0.551172 0.675 0.0648438 0.102778 0.772255
2 0.713672 0.540972 0.0476562 0.0458333 0.773688
2 0.95 0.774306 0.1 0.104167 0.776605
2 0.375391 0.59375 0.0414063 0.0652778 0.777881
2 0.348828 0.71875 0.0632813 0.104167 0.793818
2 0.462109 0.698611 0.0570313 0.0944444 0.830824
