2 0.786719 0.634028 0.059375 0.0597222 0.278878
2 0.558594 0.536806 0.028125 0.0486111 0.3531
2 0.760547 0.536806 0.0398437 0.0430556 0.393387
2 0.713672 0.544444 0.0445312 0.0416667 0.553537
2 0.464453 0.58125 0.0351562 0.0597222 0.625885
2 0.664453 0.510417 0.0367187 0.0486111 0.669725
2 0.398828 0.599306 0.0382813 0.0680556 0.731489
2 0.6125 0.611806 0.0484375 0.0625 0.749815
2 0.544531 0.625694 0.046875 0.0680556 0.75747
2 0.491406 0.851389 0.0890625 0.188889 0.807096
2 0.375 0.714583 0.05625 0.0986111 0.823905
2 0.327344 0.907639 0.104687 0.181944 0.831465
2 0.972266 0.630556 0.0554687 0.0555556 0.831784
2 0.466797 0.693056 0.0554687 0.0944444 0.83896
2 0.675391 0.709028 0.0757812 0.0986111 0.843287
2 0.791016 0.915972 0.147656 0.159722 0.860106
2 0.648047 0.910417 0.108594 0.176389 0.895404
