2 0.508594 0.496528 0.0203125 0.0347222 0.291394
2 0.647266 0.533333 0.0304688 0.0416667 0.365946
2 0.396875 0.539583 0.03125 0.0513889 0.385277
2 0.548047 0.540972 0.0273438 0.0375 0.459671
2 0.499609 0.543056 0.0304688 0.0388889 0.468883
2 0.439844 0.517361 0.025 0.0402778 0.47001
7 0.30625 0.923611 0.104687 0.147222 0.485745
2 0.728125 0.565278 0.0484375 0.0444444 0.515331
2 0.308203 0.920139 0.105469 0.151389 0.517642
2 0.445703 0.584722 0.0335938 0.0555556 0.602987
2 0.380078 0.6375 0.0398437 0.0666667 0.712308
2 0.581641 0.588194 0.0382813 0.0541667 0.722341
2 0.951563 0.745833 0.096875 0.113889 0.765339
2 0.533203 0.628472 0.0429688 0.0708333 0.773991
2 0.360547 0.729861 0.0648438 0.123611 0.793694
2 0.622266 0.675 0.0617188 0.0888889 0.794588
2 0.460938 0.650694 0.05 0.0902778 0.80051
2 0.495313 0.921528 0.084375 0.154167 0.829199
2 0.765625 0.865972 0.117188 0.165278 0.842159
