2 0.528516 0.491667 0.0226563 0.0333333 0.269288
2 0.405469 0.550694 0.0328125 0.0597222 0.287503
2 0.366797 0.774306 0.0664062 0.134722 0.385318
25 0.0238281 0.734028 0.0460938 0.104167 0.41332
2 0.481641 0.480556 0.0226563 0.0305556 0.43366
2 0.451953 0.492361 0.0257812 0.0375 0.436475
7 0.366406 0.777083 0.06875 0.1375 0.476872
2 0.585938 0.704861 0.06875 0.140278 0.495465
2 0.722266 0.53125 0.0351562 0.0458333 0.501564
2 0.557422 0.517361 0.0304688 0.0430556 0.561123
2 0.809766 0.577083 0.0585938 0.0680556 0.603644
2 0.515234 0.539583 0.0304688 0.0375 0.612082
2 0.651563 0.654167 0.0609375 0.0916667 0.618608
2 0.4625 0.546528 0.0328125 0.0513889 0.63759
2 0.605859 0.5875 0.0445312 0.0583333 0.685829
2 0.721484 0.761111 0.100781 0.138889 0.711204
2 0.476172 0.636806 0.0492188 0.0791667 0.776301
2 0.391016 0.633333 0.0445312 0.0722222 0.783313
2 0.672266 0.930556 0.117969 0.136111 0.829921
2 0.536719 0.602083 0.0453125 0.0597222 0.835184
2 0.488672 0.790278 0.0679687 0.138889 0.846386
