2 0.418359 0.478472 0.0210938 0.0291667 0.278604
2 0.453906 0.465278 0.021875 0.0388889 0.292195
2 0.478906 0.459028 0.01875 0.0291667 0.298761
2 0.436719 0.558333 0.0359375 0.0555556 0.323005
7 0.828516 0.59375 0.0789063 0.126389 0.416201
2 0.544141 0.5375 0.0304688 0.0527778 0.490037
2 0.5125 0.502778 0.0296875 0.0333333 0.490536
7 0.275 0.942361 0.10625 0.109722 0.522998
2 0.479688 0.509028 0.03125 0.0486111 0.547035
2 0.382031 0.543056 0.0328125 0.05 0.56792
2 0.879297 0.934722 0.172656 0.125 0.701325
2 0.434766 0.613194 0.0445312 0.0875 0.704487
2 0.5125 0.579167 0.04375 0.075 0.746781
2 0.93125 0.647917 0.0875 0.0819444 0.756394
2 0.596094 0.615972 0.0546875 0.0680556 0.777268
2 0.354688 0.669444 0.0515625 0.0916667 0.791731
2 0.463281 0.89375 0.09375 0.204167 0.809548
2 0.653125 0.722222 0.0734375 0.108333 0.840651
2 0.927344 0.745833 0.126563 0.119444 0.852462
2 0.589453 0.790278 0.0898438 0.161111 0.891619
