2 0.476953 0.500694 0.0210938 0.0263889 0.25281
2 0.292969 0.969444 0.0984375 0.0583333 0.318935
2 0.523828 0.506944 0.0195312 0.0388889 0.410518
2 0.678906 0.530556 0.0390625 0.0388889 0.436928
2 0.448438 0.5375 0.028125 0.0388889 0.488649
2 0.849609 0.940972 0.153906 0.109722 0.516885
2 0.397656 0.5625 0.0328125 0.0444444 0.591678
2 0.565234 0.557639 0.0335938 0.0486111 0.642449
2 0.512109 0.565278 0.0320312 0.0444444 0.696258
2 0.452344 0.6125 0.040625 0.0666667 0.750155
2 0.358203 0.763889 0.0726563 0.136111 0.766859
2 0.467578 0.691667 0.0585938 0.105556 0.804629
2 0.813672 0.630556 0.0710938 0.075 0.808736
2 0.602734 0.616667 0.0492188 0.0638889 0.816672
2 0.380859 0.659028 0.0445312 0.0763889 0.836302
2 0.554297 0.678472 0.0539063 0.0875 0.836583
2 0.655859 0.728472 0.0773437 0.106944 0.859166
2 0.958984 0.718056 0.0820312 0.0972222 0.880992
