5 0.408984 0.531944 0.0414063 0.138889 0.288075
2 0.811328 0.529861 0.0476562 0.0486111 0.330484
7 0.408203 0.53125 0.0398437 0.134722 0.348819
2 0.707031 0.527778 0.040625 0.0388889 0.358859
7 0.457031 0.499306 0.028125 0.0847222 0.399351
2 0.562109 0.534028 0.0304688 0.0430556 0.407687
2 0.525 0.543056 0.0375 0.05 0.440939
2 0.769141 0.528472 0.0460938 0.0513889 0.460388
2 0.816016 0.620139 0.0929687 0.0652778 0.526057
7 0.668359 0.674306 0.0710938 0.126389 0.612852
2 0.475391 0.641667 0.0445312 0.108333 0.650452
2 0.538281 0.605556 0.0453125 0.0722222 0.654075
2 0.808203 0.880556 0.130469 0.186111 0.709347
2 0.380078 0.660417 0.0507812 0.0847222 0.761433
2 0.605469 0.600694 0.0453125 0.0680556 0.773629
2 0.501172 0.860417 0.0929687 0.201389 0.779779
2 0.585938 0.704167 0.0625 0.105556 0.804995
2 0.353516 0.786111 0.0820312 0.163889 0.808288
2 0.937109 0.625694 0.0820312 0.0680556 0.827072
