25 0.0144531 0.752778 0.0289063 0.0944444 0.250176
7 0.408203 0.525 0.0398437 0.127778 0.352929
5 0.408984 0.527778 0.0398437 0.127778 0.356341
2 0.559375 0.529167 0.03125 0.0388889 0.40369
7 0.45625 0.494444 0.0265625 0.0777778 0.423374
7 0.358203 0.776389 0.0757812 0.147222 0.452041
2 0.729297 0.540972 0.0429688 0.0402778 0.543368
2 0.872266 0.643056 0.105469 0.0805556 0.557356
2 0.522266 0.538889 0.0351562 0.05 0.574993
7 0.662891 0.666667 0.0710938 0.122222 0.582779
2 0.790625 0.538194 0.05 0.0541667 0.601692
2 0.601172 0.591667 0.0445312 0.0638889 0.643768
2 0.358203 0.770833 0.0773437 0.152778 0.668917
2 0.474219 0.629861 0.040625 0.106944 0.671284
2 0.535547 0.595139 0.0429688 0.0736111 0.713979
2 0.382422 0.650694 0.0492188 0.0791667 0.759808
2 0.577734 0.684028 0.0554687 0.101389 0.776284
2 0.970312 0.65 0.059375 0.075 0.841462
2 0.497656 0.820833 0.0875 0.186111 0.87632
2 0.797656 0.865278 0.125 0.177778 0.894585
