2 0.489844 0.466667 0.021875 0.0277778 0.26744
2 0.462109 0.48125 0.0210938 0.0263889 0.291606
2 0.446094 0.554861 0.0296875 0.0486111 0.490774
2 0.424609 0.488194 0.0257812 0.0347222 0.549492
2 0.510156 0.499306 0.025 0.0347222 0.59014
2 0.740625 0.592361 0.0546875 0.0569444 0.619672
7 0.786328 0.886111 0.139844 0.216667 0.664817
2 0.756641 0.5375 0.0476562 0.0472222 0.720922
2 0.635938 0.677083 0.0703125 0.0930556 0.739855
2 0.554688 0.541667 0.0359375 0.05 0.747154
2 0.447266 0.609028 0.0429688 0.0652778 0.763503
2 0.378906 0.540278 0.034375 0.0555556 0.770815
2 0.603125 0.785417 0.096875 0.168056 0.837528
2 0.516016 0.594444 0.0445312 0.0694444 0.841321
2 0.35625 0.647917 0.05 0.0819444 0.842137
2 0.3375 0.80625 0.078125 0.170833 0.842255
2 0.889063 0.654861 0.0859375 0.0847222 0.858011
