2 0.417578 0.465278 0.0242187 0.0277778 0.294236
2 0.454688 0.965972 0.0890625 0.0652778 0.341424
2 0.489453 0.475694 0.0242187 0.0291667 0.352256
2 0.383594 0.489583 0.028125 0.0763889 0.407469
2 0.841016 0.684722 0.0742188 0.075 0.496308
2 0.523438 0.505556 0.025 0.0361111 0.535727
2 0.638281 0.490278 0.03125 0.0388889 0.645403
2 0.490625 0.535417 0.03125 0.0486111 0.663509
2 0.578906 0.586111 0.040625 0.0555556 0.674192
2 0.703906 0.502778 0.0421875 0.0444444 0.696717
2 0.436328 0.5375 0.0320312 0.0583333 0.751227
2 0.856641 0.94375 0.155469 0.106944 0.764301
2 0.534766 0.624306 0.0554687 0.0875 0.79547
2 0.65 0.686806 0.0765625 0.1125 0.804854
2 0.364453 0.675 0.0554687 0.102778 0.816368
2 0.464453 0.814583 0.0773437 0.154167 0.840514
2 0.369141 0.570833 0.0351562 0.0555556 0.841228
2 0.657422 0.901389 0.139844 0.194444 0.859592
