2 0.526953 0.489583 0.0242187 0.0319444 0.315767
25 0.0253906 0.7375 0.0507812 0.105556 0.328639
2 0.407422 0.552778 0.0320312 0.0472222 0.364405
2 0.451172 0.490278 0.0242187 0.0305556 0.404938
7 0.372266 0.749306 0.0679687 0.123611 0.427938
2 0.480859 0.477778 0.0226563 0.0277778 0.46924
7 0.235938 0.854861 0.228125 0.284722 0.494457
7 0.578906 0.6875 0.0671875 0.125 0.498439
2 0.372266 0.75 0.0679687 0.122222 0.518973
2 0.513672 0.533333 0.0304688 0.0388889 0.560779
2 0.555859 0.513889 0.0289063 0.0416667 0.589379
2 0.644141 0.645833 0.0617188 0.0944444 0.601476
2 0.576563 0.682639 0.0640625 0.126389 0.607652
2 0.882031 0.627778 0.0765625 0.0777778 0.644623
2 0.603906 0.584028 0.0421875 0.0569444 0.661042
2 0.70625 0.734028 0.0921875 0.1375 0.720761
2 0.461719 0.540972 0.03125 0.0486111 0.732844
2 0.397656 0.618056 0.0421875 0.075 0.751596
2 0.772266 0.563889 0.0523437 0.0583333 0.790739
2 0.535156 0.592361 0.0390625 0.0625 0.793397
2 0.476172 0.61875 0.0460938 0.0708333 0.811621
2 0.4875 0.747222 0.0609375 0.122222 0.84266
2 0.653906 0.902778 0.110937 0.183333 0.866256
