2 0.494922 0.503472 0.0289063 0.0458333 0.254903
7 0.857031 0.561111 0.0578125 0.0888889 0.256254
2 0.498828 0.452778 0.0195312 0.0277778 0.256358
2 0.453125 0.529167 0.03125 0.0416667 0.367281
7 0.819531 0.883333 0.135937 0.225 0.378872
25 0.0289063 0.733333 0.0578125 0.116667 0.387296
2 0.593359 0.573611 0.0460938 0.075 0.421483
2 0.541016 0.503472 0.0273438 0.0375 0.428056
2 0.819141 0.879167 0.136719 0.236111 0.455597
2 0.746875 0.546528 0.0484375 0.0486111 0.517742
2 0.375391 0.734722 0.0695312 0.138889 0.620687
2 0.521875 0.556944 0.034375 0.0583333 0.660517
5 0.472656 0.640972 0.065625 0.173611 0.675514
2 0.851172 0.6625 0.0851562 0.0861111 0.706974
2 0.626562 0.624306 0.053125 0.0763889 0.707391
2 0.553906 0.642361 0.0515625 0.0819444 0.808994
2 0.694141 0.726389 0.0835937 0.125 0.817135
5 0.380859 0.569444 0.0695312 0.172222 0.835746
2 0.501953 0.893056 0.0898438 0.202778 0.848151
2 0.689453 0.909028 0.130469 0.173611 0.851536
