9 0.591797 0.454167 0.0132813 0.0361111 0.270723
2 0.623047 0.507639 0.0289063 0.0319444 0.310435
2 0.464453 0.483333 0.0242187 0.0277778 0.319011
2 0.447266 0.566667 0.0335938 0.05 0.382386
2 0.514844 0.505556 0.0265625 0.0333333 0.426188
2 0.712109 0.569444 0.0414063 0.05 0.427088
2 0.425391 0.488889 0.0304688 0.0444444 0.522296
2 0.732813 0.521528 0.0453125 0.0458333 0.551718
2 0.559375 0.551389 0.034375 0.05 0.686401
2 0.378516 0.547917 0.0367187 0.0597222 0.722862
2 0.8375 0.622917 0.075 0.0680556 0.752596
2 0.448828 0.624306 0.0445312 0.0652778 0.7779
2 0.330859 0.840278 0.0867188 0.191667 0.824225
2 0.826563 0.910417 0.167187 0.179167 0.833945
2 0.650391 0.694444 0.0773437 0.1 0.84896
2 0.621875 0.826389 0.110937 0.194444 0.849258
2 0.354688 0.659722 0.05 0.0861111 0.860492
2 0.520312 0.608333 0.05 0.0722222 0.864531
