2 0.569141 0.522222 0.0320312 0.0527778 0.33648
7 0.464844 0.539583 0.040625 0.106944 0.375684
2 0.748047 0.773611 0.102344 0.191667 0.40653
5 0.465234 0.539583 0.0414063 0.106944 0.437487
2 0.6 0.571528 0.0421875 0.0680556 0.442135
7 0.747656 0.770833 0.104687 0.194444 0.463612
2 0.896094 0.949306 0.15625 0.101389 0.5637
2 0.519922 0.541667 0.0320312 0.0527778 0.581098
2 0.400391 0.614583 0.0476562 0.0847222 0.682099
2 0.567969 0.636806 0.059375 0.0902778 0.704292
2 0.821484 0.613889 0.0679687 0.0722222 0.733834
2 0.708203 0.514583 0.0429688 0.0430556 0.736862
5 0.398438 0.5125 0.0484375 0.122222 0.750665
2 0.485156 0.649306 0.053125 0.0875 0.761972
2 0.341406 0.791667 0.0796875 0.15 0.767141
2 0.491797 0.8375 0.0773437 0.216667 0.787908
2 0.659375 0.665278 0.06875 0.1 0.792128
2 0.978516 0.69375 0.0429688 0.0736111 0.810435
2 0.921875 0.611806 0.075 0.0680556 0.823116
2 0.608594 0.809722 0.0984375 0.177778 0.877093
