2 0.382422 0.509722 0.0257812 0.0361111 0.257723
5 0.641406 0.365972 0.0828125 0.0625 0.284496
2 0.467969 0.4875 0.0203125 0.0333333 0.285883
2 0.382422 0.461806 0.0226563 0.0375 0.299738
2 0.447656 0.576389 0.0328125 0.0527778 0.302518
2 0.814453 0.935417 0.0710938 0.120833 0.385234
2 0.521094 0.5125 0.025 0.0333333 0.415671
2 0.426562 0.495139 0.03125 0.0458333 0.520091
2 0.678906 0.548611 0.0421875 0.05 0.691537
2 0.378125 0.560417 0.0359375 0.0625 0.725338
2 0.707422 0.509028 0.0429688 0.0458333 0.72976
2 0.855469 0.934028 0.154687 0.129167 0.730251
2 0.566406 0.5625 0.0390625 0.0527778 0.755365
2 0.453906 0.641667 0.0515625 0.0833333 0.776571
2 0.352344 0.675694 0.053125 0.0930556 0.798822
2 0.646875 0.884028 0.128125 0.226389 0.80227
2 0.324609 0.886111 0.0960938 0.208333 0.821197
2 0.528125 0.626389 0.0546875 0.0833333 0.827562
2 0.792578 0.590278 0.0632813 0.0611111 0.854108
2 0.668359 0.721528 0.0835937 0.109722 0.870577
