5 0.783594 0.347222 0.0546875 0.0333333 0.318551
25 0.0148437 0.728472 0.0296875 0.0763889 0.34346
2 0.404297 0.5875 0.0398437 0.075 0.381058
2 0.585547 0.553472 0.0335938 0.0569444 0.442707
2 0.509375 0.522917 0.0265625 0.0430556 0.527759
7 0.462891 0.523611 0.0351562 0.0888889 0.55271
7 0.712109 0.729167 0.0882813 0.158333 0.585898
5 0.404687 0.531944 0.04375 0.161111 0.587299
2 0.745313 0.513889 0.040625 0.0416667 0.644833
2 0.6375 0.641667 0.0609375 0.0861111 0.685453
2 0.546484 0.5875 0.0445312 0.0694444 0.70352
2 0.479297 0.606944 0.0414063 0.0638889 0.762591
2 0.566016 0.6875 0.0648438 0.102778 0.779442
2 0.482812 0.711806 0.0578125 0.140278 0.786139
2 0.863672 0.929167 0.152344 0.138889 0.819163
2 0.312109 0.904861 0.117969 0.190278 0.832717
2 0.664453 0.896528 0.105469 0.195833 0.837188
2 0.360938 0.721528 0.0671875 0.118056 0.841679
2 0.866797 0.628472 0.0789063 0.0763889 0.854166
