7 0.850781 0.613889 0.071875 0.116667 0.349073
2 0.65 0.513194 0.0328125 0.0347222 0.409817
2 0.535547 0.519444 0.0242187 0.0444444 0.419813
2 0.851172 0.638889 0.0789063 0.0666667 0.442409
2 0.399219 0.579167 0.034375 0.0444444 0.507216
2 0.455078 0.55 0.0289063 0.05 0.607215
2 0.580469 0.574306 0.0375 0.0541667 0.630484
2 0.523438 0.581944 0.0359375 0.0527778 0.645573
2 0.354297 0.798611 0.0789063 0.152778 0.712553
2 0.748828 0.579861 0.0539063 0.0569444 0.730164
2 0.475781 0.729167 0.0640625 0.125 0.75221
2 0.963672 0.657639 0.0726563 0.0791667 0.809888
2 0.623828 0.64375 0.0539063 0.0736111 0.812157
2 0.458203 0.6375 0.0414063 0.0694444 0.816655
2 0.575391 0.728472 0.0632813 0.106944 0.819244
2 0.38125 0.677083 0.046875 0.0819444 0.826727
2 0.690234 0.781944 0.0945313 0.130556 0.888623
