2 0.457812 0.486111 0.0234375 0.0333333 0.28456
2 0.756641 0.551389 0.0523437 0.0444444 0.314108
2 0.523047 0.518056 0.0289063 0.0333333 0.398093
2 0.419531 0.488194 0.0234375 0.0402778 0.400313
2 0.486328 0.532639 0.0351562 0.0458333 0.550113
2 0.438281 0.599306 0.04375 0.0708333 0.646824
2 0.375391 0.566667 0.0351562 0.0611111 0.648654
2 0.558594 0.56875 0.04375 0.0652778 0.674646
2 0.660547 0.939583 0.125781 0.115278 0.706582
2 0.701953 0.534722 0.0445312 0.0555556 0.73077
2 0.744531 0.600694 0.0640625 0.0625 0.759428
2 0.435156 0.680556 0.05625 0.105556 0.762127
2 0.631641 0.669444 0.0695312 0.0861111 0.773148
2 0.528125 0.624306 0.0515625 0.0902778 0.794418
2 0.336328 0.727778 0.0648438 0.116667 0.794643
2 0.727344 0.847222 0.109375 0.166667 0.849308
2 0.937109 0.697917 0.103906 0.0875 0.898751
