2 0.497656 0.505556 0.028125 0.0444444 0.319151
2 0.546875 0.521528 0.028125 0.0347222 0.367048
25 0.0195312 0.754167 0.0390625 0.108333 0.380168
5 0.513672 0.335417 0.133594 0.0625 0.479029
2 0.567187 0.560417 0.0296875 0.0458333 0.487173
2 0.720703 0.575 0.0476562 0.0444444 0.552446
2 0.403516 0.544444 0.0304688 0.0444444 0.604964
2 0.441797 0.509722 0.0257812 0.0472222 0.611157
2 0.622266 0.6125 0.0507812 0.0722222 0.740478
2 0.460547 0.58125 0.0335938 0.0569444 0.741203
2 0.517969 0.559028 0.034375 0.0541667 0.74289
2 0.380469 0.65 0.05 0.0888889 0.78001
2 0.552344 0.665972 0.05625 0.0847222 0.786867
2 0.345313 0.808333 0.078125 0.141667 0.801072
2 0.684375 0.720139 0.0828125 0.120833 0.834915
2 0.804297 0.602778 0.0601562 0.0555556 0.839272
2 0.480469 0.779861 0.0703125 0.1375 0.841533
2 0.639063 0.854861 0.101562 0.195833 0.872274
