2 0.525391 0.486111 0.0273438 0.0333333 0.303672
2 0.375 0.747222 0.0671875 0.125 0.309706
25 0.0253906 0.7375 0.0507812 0.105556 0.316467
2 0.407813 0.554167 0.03125 0.0444444 0.356066
2 0.451562 0.490972 0.0234375 0.0319444 0.360375
7 0.2375 0.853472 0.229687 0.2875 0.394536
2 0.480859 0.477778 0.0226563 0.0277778 0.452681
7 0.70625 0.73125 0.0953125 0.1375 0.517475
7 0.373828 0.747222 0.0664062 0.122222 0.519265
2 0.513281 0.531944 0.0296875 0.0388889 0.587738
2 0.555469 0.515278 0.028125 0.0416667 0.593777
2 0.64375 0.645833 0.0625 0.0944444 0.610733
2 0.576172 0.68125 0.0632813 0.123611 0.618922
2 0.705469 0.73125 0.0921875 0.134722 0.625292
2 0.603516 0.583333 0.0414063 0.0555556 0.646685
2 0.885938 0.63125 0.0796875 0.0791667 0.682325
2 0.397266 0.615972 0.0429688 0.0763889 0.716133
2 0.461719 0.540278 0.03125 0.0472222 0.727595
2 0.535156 0.591667 0.0390625 0.0611111 0.785953
2 0.777734 0.567361 0.0523437 0.0597222 0.800153
2 0.475391 0.618056 0.0445312 0.0694444 0.812429
2 0.4875 0.74375 0.059375 0.120833 0.842872
2 0.651953 0.897917 0.111719 0.184722 0.850743
