2 0.685156 0.500694 0.040625 0.0458333 0.274685
2 0.451172 0.5125 0.0335938 0.0472222 0.280817
2 0.490625 0.490278 0.0265625 0.0444444 0.326078
7 0.800391 0.859028 0.127344 0.229167 0.418691
2 0.785547 0.516667 0.0523437 0.0472222 0.522051
2 0.517187 0.542361 0.0328125 0.0513889 0.538835
2 0.470703 0.621528 0.0601562 0.154167 0.604426
2 0.798828 0.583333 0.0601562 0.0583333 0.673496
2 0.622656 0.61875 0.0515625 0.0763889 0.677274
2 0.380859 0.707639 0.0664062 0.120833 0.784321
2 0.544531 0.619444 0.05 0.0805556 0.79513
2 0.951953 0.754861 0.0960938 0.1125 0.805017
5 0.382422 0.557639 0.0664062 0.1625 0.824981
2 0.949219 0.627778 0.084375 0.075 0.839568
2 0.655859 0.860417 0.119531 0.206944 0.842867
2 0.498047 0.825 0.0820312 0.172222 0.854173
2 0.6875 0.720139 0.08125 0.120833 0.854999
