2 0.432813 0.510417 0.0203125 0.0347222 0.379588
2 0.530469 0.513194 0.0265625 0.0347222 0.423901
2 0.494141 0.529861 0.0289063 0.0375 0.57309
2 0.55625 0.559722 0.034375 0.0555556 0.589629
2 0.651953 0.502778 0.0335938 0.0388889 0.60034
2 0.446484 0.55 0.0320312 0.0444444 0.637496
2 0.464844 0.677083 0.0453125 0.0847222 0.723775
2 0.374609 0.629861 0.0476562 0.0902778 0.745092
2 0.593359 0.777083 0.0851562 0.145833 0.745746
2 0.385547 0.558333 0.0320312 0.0472222 0.757803
2 0.829687 0.93125 0.145313 0.120833 0.76822
2 0.767578 0.6125 0.0570313 0.0638889 0.770137
2 0.342969 0.770139 0.06875 0.123611 0.785909
2 0.621484 0.641667 0.0570313 0.075 0.826654
2 0.474219 0.788194 0.071875 0.134722 0.830702
