2 0.494922 0.501389 0.0242187 0.0416667 0.290607
5 0.461328 0.336111 0.135156 0.0638889 0.299452
2 0.409766 0.4875 0.0242187 0.0333333 0.302174
0 0.0152344 0.75625 0.0304688 0.0986111 0.307746
7 0.357031 0.777083 0.06875 0.126389 0.45674
2 0.563281 0.553472 0.0265625 0.0402778 0.490488
2 0.542969 0.518056 0.025 0.0305556 0.508382
2 0.441406 0.504167 0.025 0.0444444 0.555438
7 0.6125 0.797222 0.0859375 0.161111 0.567337
2 0.614453 0.795833 0.0867188 0.155556 0.573346
2 0.407422 0.538194 0.0320312 0.0458333 0.620699
2 0.515625 0.553472 0.03125 0.0486111 0.628732
2 0.868359 0.646528 0.0726563 0.0680556 0.63566
2 0.459766 0.568056 0.0320312 0.0527778 0.65676
2 0.357031 0.775 0.06875 0.122222 0.693391
2 0.664453 0.692361 0.0757812 0.109722 0.739561
2 0.764844 0.615278 0.059375 0.0583333 0.75024
2 0.611719 0.6 0.046875 0.0638889 0.790513
2 0.385547 0.63125 0.0476562 0.0847222 0.807104
2 0.478516 0.742361 0.0617188 0.118056 0.814281
2 0.546094 0.64375 0.0484375 0.0763889 0.816625
