2 0.448438 0.486111 0.0234375 0.0361111 0.28436
7 0.505859 0.828472 0.108594 0.334722 0.288977
3 0.747266 0.494444 0.0367187 0.0333333 0.315107
2 0.747266 0.497222 0.0351562 0.0361111 0.353967
25 0.0160156 0.734028 0.0320312 0.0986111 0.437504
2 0.505469 0.831944 0.109375 0.325 0.466313
2 0.523438 0.478472 0.0234375 0.0319444 0.481563
2 0.461328 0.530556 0.0351562 0.0472222 0.48294
2 0.614062 0.598611 0.0484375 0.0777778 0.52261
2 0.485547 0.652778 0.0492188 0.0583333 0.524391
2 0.500391 0.513889 0.0242187 0.0388889 0.559101
2 0.572656 0.538194 0.03125 0.0458333 0.559622
2 0.522266 0.553472 0.0351562 0.0625 0.576553
2 0.89375 0.590278 0.046875 0.0611111 0.658383
2 0.338672 0.925694 0.105469 0.143056 0.666772
2 0.650781 0.650694 0.0609375 0.0902778 0.76955
2 0.556641 0.63125 0.0492188 0.0736111 0.775572
2 0.466406 0.580556 0.0359375 0.0555556 0.786754
2 0.730859 0.772222 0.100781 0.147222 0.853188
5 0.361328 0.657639 0.0960938 0.2625 0.859149
2 0.632031 0.836806 0.0984375 0.165278 0.898653
