2 0.516016 0.497917 0.0257812 0.0236111 0.255859
2 0.545703 0.528472 0.0273438 0.0430556 0.267324
2 0.707422 0.545833 0.0429688 0.0444444 0.570318
2 0.345703 0.840972 0.0882813 0.176389 0.592655
2 0.460156 0.561111 0.03125 0.0555556 0.603192
2 0.4 0.585417 0.0359375 0.0597222 0.604175
2 0.595312 0.590278 0.0390625 0.0583333 0.629542
2 0.462891 0.656944 0.0476562 0.0833333 0.772809
2 0.38125 0.69375 0.0515625 0.0875 0.782529
2 0.778516 0.588194 0.0554687 0.0569444 0.784597
2 0.644141 0.66875 0.0632813 0.0819444 0.791671
2 0.533203 0.598611 0.0382813 0.0583333 0.802906
2 0.481641 0.768056 0.0726563 0.152778 0.818684
2 0.726953 0.838194 0.114844 0.154167 0.887156
2 0.6 0.790972 0.0796875 0.129167 0.888563
