2 0.675 0.504167 0.034375 0.0361111 0.31784
2 0.647266 0.649306 0.0570313 0.0902778 0.353488
2 0.705078 0.554167 0.0429688 0.0472222 0.374952
7 0.410547 0.498611 0.0414063 0.136111 0.386017
2 0.514453 0.525694 0.0289063 0.0430556 0.393741
7 0.366016 0.736111 0.0710938 0.127778 0.394877
2 0.550391 0.515278 0.0304688 0.0388889 0.479491
7 0.647266 0.647917 0.0585938 0.0958333 0.504981
7 0.451953 0.483333 0.0289063 0.0805556 0.528883
2 0.527344 0.578472 0.0375 0.0625 0.574578
2 0.591016 0.575694 0.0445312 0.0597222 0.586045
2 0.385938 0.63125 0.040625 0.0680556 0.642963
2 0.365625 0.730556 0.071875 0.133333 0.708893
2 0.953125 0.754861 0.09375 0.106944 0.744087
2 0.470703 0.618056 0.0398437 0.0888889 0.746764
2 0.563672 0.647222 0.0507812 0.0805556 0.783956
2 0.491797 0.760417 0.0757812 0.151389 0.8032
2 0.788281 0.577083 0.059375 0.0541667 0.811408
2 0.771875 0.826389 0.1125 0.155556 0.829369
2 0.917969 0.581944 0.05625 0.0611111 0.84462
