2 0.393359 0.415278 0.0257812 0.025 0.253575
2 0.475391 0.501389 0.0242187 0.0333333 0.364625
2 0.383594 0.523611 0.025 0.0388889 0.383127
2 0.66875 0.492361 0.034375 0.0375 0.421836
2 0.636719 0.513889 0.028125 0.0388889 0.465484
2 0.53125 0.526389 0.03125 0.0444444 0.529113
2 0.453125 0.611806 0.0390625 0.0680556 0.617326
2 0.432813 0.50625 0.03125 0.0569444 0.61929
2 0.307422 0.929861 0.111719 0.1375 0.696967
2 0.376563 0.583333 0.040625 0.0694444 0.725881
2 0.545313 0.665972 0.059375 0.0958333 0.729674
2 0.582031 0.588194 0.04375 0.0569444 0.734324
2 0.711719 0.7875 0.103125 0.136111 0.744713
2 0.727344 0.55 0.0484375 0.05 0.76961
2 0.694531 0.942361 0.13125 0.1125 0.775497
2 0.459766 0.686111 0.0554687 0.0944444 0.784103
2 0.348828 0.709722 0.0585938 0.102778 0.810593
