2 0.498828 0.951389 0.0835937 0.0944444 0.2882
7 0.772266 0.815972 0.114844 0.206944 0.293368
7 0.466016 0.575694 0.0476562 0.129167 0.311884
2 0.525391 0.477083 0.0226563 0.0291667 0.312829
9 0.855859 0.33125 0.0132813 0.0486111 0.3155
2 0.468359 0.58125 0.0476562 0.109722 0.363662
2 0.579687 0.547917 0.0375 0.0652778 0.407501
2 0.772266 0.814583 0.116406 0.209722 0.412916
5 0.466406 0.575 0.0484375 0.127778 0.43988
25 0.0121094 0.729861 0.0242187 0.0708333 0.441865
2 0.760938 0.522917 0.0453125 0.0402778 0.582437
2 0.505469 0.517361 0.0296875 0.0375 0.613254
2 0.989844 0.728472 0.0203125 0.0569444 0.62846
2 0.671484 0.951389 0.117969 0.0916667 0.659529
2 0.390234 0.650694 0.0539063 0.104167 0.698878
2 0.529688 0.575 0.0375 0.0583333 0.71967
2 0.792969 0.568056 0.059375 0.0583333 0.742929
2 0.314063 0.890278 0.1 0.2 0.748114
2 0.692578 0.514583 0.0398437 0.0402778 0.752607
5 0.388672 0.529167 0.0554687 0.136111 0.794478
2 0.610156 0.595833 0.046875 0.0722222 0.801386
2 0.490625 0.711111 0.0625 0.113889 0.812301
2 0.597266 0.71875 0.0789063 0.131944 0.828752
2 0.673828 0.69375 0.0757812 0.1125 0.855232
2 0.951563 0.598611 0.084375 0.0722222 0.871553
