2 0.641016 0.50625 0.0335938 0.0347222 0.295539
2 0.538672 0.521528 0.0257812 0.0430556 0.367354
2 0.351562 0.815278 0.0859375 0.163889 0.405346
2 0.972266 0.623611 0.0460938 0.0583333 0.478175
7 0.35 0.81875 0.084375 0.1625 0.586877
2 0.4 0.580556 0.034375 0.0527778 0.598897
2 0.457031 0.554167 0.0296875 0.05 0.608643
2 0.526563 0.588194 0.0359375 0.0513889 0.62745
2 0.585547 0.580556 0.0351562 0.0555556 0.64786
2 0.732422 0.565972 0.0476562 0.0513889 0.73363
2 0.926562 0.634722 0.0796875 0.0722222 0.773398
2 0.478516 0.744444 0.0679687 0.130556 0.781074
2 0.819531 0.616667 0.0640625 0.0638889 0.784042
2 0.630469 0.655556 0.0578125 0.075 0.808804
2 0.460156 0.643056 0.04375 0.0722222 0.824662
2 0.380859 0.681944 0.0507812 0.0833333 0.834271
2 0.703125 0.8 0.1 0.141667 0.853035
2 0.583984 0.748611 0.0695312 0.116667 0.857917
