2 0.446484 0.48125 0.0242187 0.0347222 0.276025
2 0.940234 0.961806 0.119531 0.0652778 0.330633
2 0.458203 0.524306 0.0335938 0.0486111 0.333416
25 0.0191406 0.731944 0.0382813 0.105556 0.399508
7 0.503516 0.819444 0.105469 0.305556 0.407849
2 0.520312 0.474306 0.021875 0.0319444 0.4172
2 0.497656 0.510417 0.0234375 0.0375 0.424644
2 0.480859 0.634722 0.0492188 0.0527778 0.432716
2 0.611719 0.595139 0.0484375 0.0736111 0.435253
2 0.502344 0.809722 0.104687 0.319444 0.454779
2 0.570312 0.533333 0.03125 0.0444444 0.50157
2 0.767187 0.504861 0.0390625 0.0375 0.538539
2 0.520312 0.546528 0.034375 0.0625 0.638839
2 0.552344 0.621528 0.0453125 0.0708333 0.714001
2 0.645703 0.645833 0.0664062 0.0916667 0.743236
2 0.464453 0.572917 0.0351562 0.0541667 0.758414
2 0.930078 0.611806 0.0804688 0.0736111 0.808379
2 0.726562 0.763889 0.0984375 0.141667 0.84126
5 0.364844 0.646528 0.09375 0.248611 0.852844
2 0.341406 0.9125 0.110937 0.175 0.856468
2 0.619141 0.802778 0.0882813 0.152778 0.889711
