2 0.464844 0.497917 0.0265625 0.0375 0.383079
2 0.371094 0.526389 0.028125 0.0388889 0.45901
2 0.655859 0.507639 0.0398437 0.0430556 0.46448
2 0.535156 0.536111 0.0296875 0.0361111 0.47704
2 0.423047 0.502778 0.0257812 0.0444444 0.505288
2 0.496484 0.548611 0.0367187 0.0583333 0.622136
2 0.68125 0.557639 0.05 0.0513889 0.626739
2 0.814844 0.617361 0.0671875 0.0541667 0.665252
2 0.576172 0.590972 0.0445312 0.0652778 0.68472
2 0.325391 0.784722 0.0757812 0.138889 0.709693
2 0.442187 0.636806 0.05 0.0902778 0.738192
2 0.375781 0.594444 0.0390625 0.0666667 0.753278
2 0.544141 0.66875 0.0648438 0.109722 0.788615
2 0.666016 0.720833 0.0820312 0.108333 0.792818
2 0.440625 0.743056 0.0640625 0.130556 0.803012
2 0.799609 0.93125 0.132031 0.134722 0.812484
2 0.953125 0.63125 0.09375 0.0819444 0.824304
