7 0.408984 0.495139 0.0335938 0.0819444 0.2998
2 0.503906 0.510417 0.0265625 0.0402778 0.34806
2 0.538672 0.503472 0.0289063 0.0402778 0.369974
2 0.410156 0.534028 0.0328125 0.0625 0.413555
2 0.459766 0.53125 0.0289063 0.0375 0.429534
2 0.577344 0.55625 0.0375 0.0541667 0.461889
2 0.693359 0.954861 0.119531 0.0819444 0.607417
2 0.518359 0.559028 0.0351562 0.0513889 0.637684
2 0.729688 0.538889 0.04375 0.0444444 0.645083
2 0.389453 0.615278 0.0398437 0.0611111 0.646425
2 0.889844 0.950694 0.175 0.0930556 0.690664
2 0.624219 0.61875 0.053125 0.0847222 0.692253
2 0.374219 0.696528 0.0609375 0.115278 0.7104
2 0.466797 0.59375 0.0335938 0.0791667 0.715749
2 0.547266 0.6125 0.0445312 0.0722222 0.726492
2 0.96875 0.642361 0.0625 0.0902778 0.781615
2 0.782422 0.613194 0.0664062 0.0708333 0.79465
2 0.485156 0.704861 0.0625 0.123611 0.830866
2 0.736328 0.774306 0.0945313 0.131944 0.841151
2 0.915625 0.665972 0.090625 0.0791667 0.877948
