2 0.454688 0.455556 0.0203125 0.025 0.254623
2 0.477734 0.489583 0.0257812 0.0319444 0.26116
2 0.526172 0.504167 0.0242187 0.0361111 0.26166
2 0.440234 0.518056 0.0257812 0.05 0.264286
2 0.575781 0.598611 0.040625 0.0694444 0.304963
2 0.744922 0.610417 0.0585938 0.0486111 0.345104
7 0.344922 0.751389 0.0742188 0.141667 0.381512
2 0.503906 0.53125 0.03125 0.0486111 0.38719
2 0.399609 0.510417 0.0242187 0.0375 0.437492
5 0.74375 0.340278 0.14375 0.0611111 0.456207
2 0.345313 0.750694 0.0734375 0.1375 0.535343
2 0.563672 0.554861 0.0335938 0.0486111 0.543386
2 0.757812 0.546528 0.0421875 0.0402778 0.553111
2 0.438672 0.544444 0.0289063 0.0583333 0.566065
2 0.687109 0.715278 0.0820312 0.113889 0.668511
2 0.592188 0.609722 0.0390625 0.0611111 0.730213
2 0.385547 0.591667 0.0367187 0.0611111 0.767739
2 0.535156 0.619444 0.0484375 0.075 0.788713
2 0.463281 0.658333 0.05 0.0916667 0.806278
2 0.610156 0.85625 0.096875 0.170833 0.833907
2 0.831641 0.911111 0.163281 0.177778 0.837448
