2 0.543359 0.574306 0.0664062 0.0597222 0.329247
2 0.4125 0.461111 0.025 0.025 0.353144
2 0.382031 0.486111 0.0234375 0.0583333 0.369474
2 0.510156 0.498611 0.025 0.0333333 0.439121
2 0.782031 0.544444 0.0546875 0.0583333 0.489894
2 0.558594 0.561806 0.034375 0.0541667 0.524339
2 0.479297 0.519444 0.0304688 0.0416667 0.606942
2 0.694141 0.533333 0.0398437 0.0416667 0.663573
2 0.297266 0.915278 0.107031 0.163889 0.6862
2 0.371875 0.552083 0.0328125 0.0486111 0.689759
2 0.431641 0.516667 0.0304688 0.0583333 0.723112
2 0.516016 0.590278 0.0460938 0.0666667 0.764606
2 0.371875 0.640278 0.046875 0.0833333 0.767014
2 0.450781 0.879167 0.090625 0.227778 0.771514
2 0.45625 0.715278 0.0609375 0.111111 0.791229
2 0.758594 0.849306 0.126563 0.168056 0.823062
2 0.612891 0.640972 0.0601562 0.0875 0.828211
2 0.592578 0.783333 0.0960938 0.177778 0.891151
