7 0.408984 0.485417 0.0351562 0.0708333 0.284496
2 0.673828 0.482639 0.0273438 0.0319444 0.343775
2 0.542578 0.506944 0.0273438 0.0416667 0.346396
2 0.462109 0.535417 0.0273438 0.0375 0.354467
2 0.989453 0.629167 0.0210938 0.0416667 0.422721
2 0.507031 0.514583 0.0296875 0.0375 0.467777
2 0.409766 0.541667 0.0335938 0.0583333 0.535829
2 0.933203 0.615972 0.0742188 0.0791667 0.555103
2 0.58125 0.561111 0.0375 0.0555556 0.591924
2 0.520703 0.561111 0.0367187 0.0583333 0.641342
2 0.710156 0.527083 0.0375 0.0402778 0.664443
2 0.894531 0.9625 0.1625 0.0722222 0.666843
2 0.751953 0.589583 0.0585938 0.0625 0.717323
2 0.388672 0.61875 0.0414063 0.0652778 0.721649
2 0.632422 0.626389 0.0570313 0.0888889 0.731713
2 0.553125 0.622222 0.0453125 0.0694444 0.74442
2 0.46875 0.599306 0.0359375 0.0819444 0.754728
2 0.371484 0.705556 0.0617188 0.119444 0.800841
2 0.746484 0.791667 0.0992187 0.141667 0.812212
2 0.865625 0.628472 0.078125 0.0680556 0.844984
2 0.485938 0.720833 0.0671875 0.130556 0.855913
