2 0.43125 0.505556 0.0203125 0.0361111 0.341997
2 0.551172 0.552083 0.0367187 0.0513889 0.356335
2 0.625 0.467361 0.028125 0.0319444 0.370678
2 0.526563 0.511111 0.0265625 0.0361111 0.378255
2 0.491016 0.524306 0.0273438 0.0375 0.402892
2 0.444922 0.54375 0.0320312 0.0458333 0.589053
2 0.386328 0.552083 0.0304688 0.0430556 0.649849
2 0.462109 0.666667 0.0445312 0.0805556 0.742261
2 0.344531 0.761111 0.0671875 0.122222 0.758793
2 0.792578 0.631944 0.0664062 0.0694444 0.777955
2 0.663672 0.508333 0.0382813 0.0444444 0.793114
2 0.8125 0.916667 0.151562 0.161111 0.795845
2 0.583203 0.750694 0.0789063 0.134722 0.802742
2 0.376563 0.622222 0.0453125 0.0888889 0.807674
2 0.614844 0.63125 0.05625 0.0708333 0.818862
2 0.471484 0.76875 0.0664062 0.126389 0.826839
