2 0.482812 0.465278 0.01875 0.0305556 0.26698
2 0.517187 0.5 0.0234375 0.0333333 0.289606
2 0.435156 0.53125 0.0234375 0.0402778 0.289786
9 0.623828 0.488889 0.0273438 0.0333333 0.292047
2 0.395312 0.5 0.0265625 0.0444444 0.349944
2 0.478516 0.501389 0.0257812 0.0305556 0.428882
2 0.541406 0.529167 0.028125 0.0388889 0.522124
2 0.502344 0.548611 0.0296875 0.0444444 0.545975
2 0.980859 0.738194 0.0382813 0.0680556 0.587039
2 0.449219 0.572222 0.0359375 0.0527778 0.712096
2 0.708984 0.565972 0.0429688 0.0486111 0.732399
2 0.569922 0.584028 0.0398437 0.0597222 0.73276
2 0.339453 0.804167 0.0710938 0.141667 0.745078
2 0.385938 0.579167 0.0328125 0.0555556 0.764515
2 0.630469 0.872222 0.10625 0.188889 0.769739
2 0.645703 0.679167 0.0679687 0.0888889 0.769894
2 0.902344 0.722917 0.09375 0.109722 0.781164
2 0.470313 0.725694 0.053125 0.109722 0.810532
2 0.371875 0.654861 0.053125 0.0958333 0.836131
2 0.479688 0.86875 0.084375 0.173611 0.85672
