2 0.485547 0.478472 0.0195312 0.0263889 0.26812
25 0.0253906 0.734028 0.0507812 0.106944 0.410607
2 0.955469 0.756944 0.0875 0.1 0.479111
2 0.510156 0.533333 0.028125 0.0388889 0.48444
2 0.532031 0.484722 0.0234375 0.0361111 0.521694
2 0.619922 0.610417 0.0507812 0.0819444 0.544876
2 0.464063 0.542361 0.034375 0.0458333 0.547956
7 0.518359 0.878472 0.132031 0.226389 0.554856
2 0.451562 0.495139 0.025 0.0347222 0.601402
2 0.753906 0.8 0.109375 0.158333 0.619552
5 0.350391 0.702083 0.113281 0.306944 0.647703
2 0.687109 0.932639 0.127344 0.126389 0.681444
2 0.779688 0.529167 0.046875 0.0472222 0.684285
2 0.6625 0.661806 0.065625 0.0958333 0.741231
2 0.582031 0.546528 0.034375 0.0513889 0.748749
2 0.471484 0.599306 0.0414063 0.0736111 0.760776
2 0.533984 0.574306 0.0398437 0.0736111 0.763542
2 0.570703 0.666667 0.0570313 0.0888889 0.781245
2 0.491016 0.713889 0.0601562 0.111111 0.814642
