2 0.383984 0.463889 0.0210938 0.0361111 0.276146
2 0.50625 0.485417 0.0234375 0.0319444 0.30145
2 0.677344 0.493056 0.0359375 0.0444444 0.421959
2 0.473828 0.5 0.0210938 0.0333333 0.433237
2 0.644922 0.520833 0.0320312 0.0388889 0.440463
7 0.540625 0.658333 0.05625 0.0916667 0.443225
2 0.384766 0.518056 0.0257812 0.0388889 0.52621
2 0.7 0.770833 0.096875 0.130556 0.53703
2 0.528516 0.524306 0.0304688 0.0402778 0.553052
2 0.312891 0.915972 0.107031 0.148611 0.620126
2 0.452344 0.605556 0.0390625 0.0611111 0.620602
2 0.432031 0.505556 0.03125 0.05 0.654843
2 0.541406 0.657639 0.059375 0.0875 0.702592
2 0.578906 0.58125 0.0390625 0.0597222 0.749412
2 0.377344 0.578472 0.040625 0.0680556 0.765173
2 0.457812 0.674306 0.053125 0.0902778 0.792373
2 0.685547 0.928472 0.141406 0.143056 0.805789
2 0.739844 0.559722 0.053125 0.0527778 0.834665
2 0.349609 0.702083 0.0585938 0.101389 0.847229
