2 0.489844 0.522917 0.025 0.0375 0.324477
2 0.626562 0.468056 0.028125 0.0333333 0.329159
2 0.549609 0.553472 0.0367187 0.0486111 0.348566
2 0.430469 0.504167 0.021875 0.0388889 0.366304
2 0.525781 0.509028 0.0265625 0.0347222 0.375003
2 0.44375 0.540278 0.0328125 0.0472222 0.639821
2 0.385938 0.55 0.03125 0.0472222 0.65801
2 0.797266 0.633333 0.0679687 0.0666667 0.732679
2 0.462109 0.666667 0.0460938 0.0861111 0.738849
2 0.344531 0.759028 0.0671875 0.120833 0.756524
2 0.614062 0.630556 0.0546875 0.0694444 0.794836
2 0.580859 0.745833 0.0789063 0.136111 0.795786
2 0.808594 0.915278 0.148438 0.166667 0.808485
2 0.376563 0.620139 0.0453125 0.0875 0.81369
2 0.665625 0.509028 0.0375 0.0458333 0.83749
2 0.470703 0.763889 0.0648438 0.125 0.855427
