2 0.530078 0.493056 0.0242187 0.0305556 0.259638
2 0.3625 0.788889 0.075 0.141667 0.308077
2 0.451562 0.494444 0.0234375 0.0361111 0.359412
2 0.482812 0.481944 0.021875 0.0333333 0.361814
7 0.589453 0.723611 0.0726563 0.127778 0.427228
25 0.0230469 0.7375 0.0460938 0.102778 0.460873
2 0.588672 0.717361 0.0742188 0.140278 0.484434
7 0.361328 0.794444 0.0742188 0.147222 0.508791
2 0.558203 0.51875 0.0304688 0.0430556 0.520424
2 0.462109 0.549306 0.0335938 0.0513889 0.602834
2 0.515625 0.539583 0.0296875 0.0402778 0.603279
2 0.703906 0.520139 0.0421875 0.0458333 0.622686
2 0.653125 0.657639 0.0671875 0.0930556 0.714016
2 0.789453 0.563889 0.0539063 0.0583333 0.721826
2 0.60625 0.588194 0.0453125 0.0597222 0.724997
2 0.729688 0.770833 0.103125 0.147222 0.749039
2 0.389453 0.638889 0.0460938 0.0833333 0.762214
2 0.477734 0.64375 0.0523437 0.0819444 0.795794
2 0.678125 0.940972 0.117188 0.115278 0.800483
2 0.5375 0.604861 0.0453125 0.0569444 0.820081
2 0.489844 0.806944 0.0703125 0.15 0.84346
