2 0.819141 0.584028 0.0460938 0.0513889 0.272673
2 0.409766 0.513194 0.0226563 0.0430556 0.350459
25 0.0171875 0.758333 0.034375 0.1 0.407713
2 0.581641 0.563194 0.0320312 0.0486111 0.462837
7 0.800391 0.902083 0.125781 0.173611 0.493904
2 0.502734 0.529167 0.0273438 0.0444444 0.498223
2 0.891797 0.704861 0.110156 0.115278 0.511175
2 0.800781 0.903472 0.126563 0.179167 0.552493
2 0.451953 0.533333 0.0273438 0.0416667 0.575552
2 0.811328 0.615278 0.0632813 0.0666667 0.674394
2 0.522656 0.584028 0.0359375 0.0486111 0.67514
2 0.321875 0.913194 0.104687 0.168056 0.701649
2 0.398047 0.58125 0.0351562 0.0625 0.721943
2 0.471484 0.6375 0.0429688 0.075 0.771034
2 0.479297 0.832639 0.0804688 0.176389 0.777427
2 0.615234 0.616667 0.0507812 0.075 0.781164
2 0.559375 0.657639 0.053125 0.0875 0.793171
2 0.380469 0.672917 0.0515625 0.0819444 0.802038
