2 0.460156 0.527778 0.034375 0.0472222 0.317029
2 0.483203 0.636111 0.0507812 0.0527778 0.383457
25 0.0191406 0.73125 0.0382813 0.104167 0.384565
2 0.520312 0.475 0.021875 0.0305556 0.397233
2 0.498047 0.511111 0.0226563 0.0361111 0.412861
2 0.6125 0.595833 0.0484375 0.0722222 0.419462
7 0.503125 0.81875 0.103125 0.326389 0.461946
2 0.569922 0.534028 0.0320312 0.0458333 0.473676
2 0.502734 0.813889 0.103906 0.325 0.530537
2 0.764063 0.503472 0.0390625 0.0375 0.608807
2 0.520703 0.546528 0.0351562 0.0625 0.648214
2 0.552734 0.621528 0.0460938 0.0708333 0.70706
2 0.646094 0.645833 0.065625 0.0916667 0.723367
2 0.464844 0.574306 0.0359375 0.0541667 0.75854
2 0.341797 0.914583 0.110156 0.168056 0.816461
2 0.921875 0.604861 0.0796875 0.0763889 0.818537
2 0.727734 0.765278 0.0992187 0.144444 0.848839
5 0.363672 0.648611 0.0929687 0.252778 0.876067
2 0.621094 0.806944 0.0890625 0.152778 0.884794
