7 0.840625 0.636806 0.0765625 0.0652778 0.266948
2 0.526563 0.575 0.06875 0.0555556 0.325142
2 0.433984 0.502083 0.0226563 0.0319444 0.388181
2 0.652734 0.521528 0.0304688 0.0402778 0.468762
2 0.838672 0.635417 0.0757812 0.0597222 0.516424
2 0.530078 0.519444 0.0242187 0.0333333 0.524182
2 0.438672 0.552083 0.0289063 0.0430556 0.535718
2 0.689062 0.748611 0.084375 0.116667 0.590096
7 0.325391 0.865278 0.0882813 0.163889 0.598896
2 0.327734 0.867361 0.0898438 0.159722 0.601355
2 0.486328 0.519444 0.0257812 0.0333333 0.607724
2 0.558203 0.554167 0.0320312 0.0472222 0.609975
2 0.487109 0.961806 0.0960938 0.0708333 0.717376
2 0.739062 0.601389 0.059375 0.0611111 0.736713
2 0.454297 0.606944 0.0414063 0.075 0.778526
2 0.513281 0.581944 0.0359375 0.0527778 0.787337
2 0.366406 0.690972 0.05625 0.104167 0.816101
2 0.382422 0.60625 0.0351562 0.0597222 0.820167
2 0.478125 0.802778 0.06875 0.138889 0.821603
2 0.589063 0.620833 0.0484375 0.0722222 0.826688
