2 0.498047 0.942361 0.0867188 0.101389 0.25653
2 0.525391 0.477083 0.0210938 0.0291667 0.31087
2 0.578125 0.543056 0.0359375 0.0583333 0.332217
25 0.0105469 0.727083 0.0210938 0.0680556 0.361147
7 0.465625 0.573611 0.0484375 0.127778 0.363607
9 0.851953 0.330556 0.0210938 0.0527778 0.408515
7 0.769922 0.810417 0.114844 0.206944 0.412655
5 0.466406 0.572917 0.0484375 0.126389 0.452799
2 0.503906 0.515278 0.0296875 0.0388889 0.497602
2 0.765625 0.522917 0.046875 0.0458333 0.58282
2 0.667969 0.94375 0.126563 0.109722 0.659201
2 0.700781 0.520833 0.0390625 0.0444444 0.670029
2 0.528516 0.571528 0.0382813 0.0597222 0.687401
2 0.317187 0.886111 0.1 0.205556 0.71872
2 0.390625 0.647222 0.0546875 0.102778 0.731308
2 0.803125 0.572917 0.0609375 0.0625 0.76152
2 0.609375 0.593056 0.0484375 0.075 0.7726
5 0.388672 0.527083 0.0539063 0.134722 0.802828
2 0.672656 0.690972 0.075 0.1125 0.827946
2 0.490234 0.706944 0.0585938 0.105556 0.831566
2 0.961719 0.607639 0.0765625 0.0763889 0.855814
2 0.596094 0.711111 0.078125 0.125 0.859762
