2 0.539062 0.514583 0.0234375 0.0319444 0.25385
2 0.492578 0.5 0.0242187 0.0361111 0.339483
2 0.558594 0.549306 0.025 0.0375 0.418726
2 0.488672 0.954167 0.0851562 0.0833333 0.46634
2 0.441016 0.504167 0.0226563 0.0416667 0.47377
2 0.409766 0.533333 0.0304688 0.0416667 0.480861
2 0.512891 0.547917 0.0304688 0.0458333 0.537918
2 0.822266 0.655556 0.0648438 0.0555556 0.59911
2 0.603906 0.591667 0.040625 0.0583333 0.66077
2 0.458984 0.561806 0.0304688 0.0486111 0.69146
2 0.362891 0.745139 0.0632813 0.109722 0.717885
2 0.390625 0.620833 0.0390625 0.075 0.767722
2 0.539453 0.624306 0.0429688 0.0652778 0.811494
2 0.650781 0.670139 0.06875 0.0930556 0.824418
2 0.477734 0.707639 0.0523437 0.101389 0.829028
2 0.596484 0.748611 0.0757812 0.125 0.85563
2 0.95625 0.713889 0.0875 0.0861111 0.858056
