2 0.539844 0.522222 0.0265625 0.0444444 0.336387
2 0.638281 0.504861 0.0328125 0.0319444 0.358658
2 0.95 0.615278 0.0515625 0.0527778 0.438441
2 0.4 0.581944 0.034375 0.0555556 0.594152
2 0.457812 0.554861 0.0296875 0.0513889 0.632971
7 0.349219 0.821528 0.084375 0.165278 0.673591
2 0.587109 0.582639 0.0367187 0.0541667 0.678135
2 0.527344 0.590278 0.0359375 0.0527778 0.721544
2 0.726953 0.563194 0.0476562 0.0486111 0.732073
2 0.460938 0.647917 0.0453125 0.0791667 0.78247
2 0.912891 0.628472 0.0757812 0.0652778 0.786102
2 0.633984 0.655556 0.0601562 0.075 0.807075
2 0.478906 0.747917 0.0703125 0.131944 0.821556
2 0.812109 0.611806 0.0617188 0.0625 0.836111
2 0.38125 0.683333 0.05 0.0861111 0.842413
2 0.586719 0.754861 0.0703125 0.118056 0.861283
2 0.707422 0.80625 0.102344 0.143056 0.864161
