7 0.447656 0.472222 0.028125 0.0611111 0.251145
2 0.661719 0.472222 0.028125 0.0277778 0.264881
7 0.408203 0.494444 0.0335938 0.111111 0.338606
2 0.410156 0.530556 0.0328125 0.0527778 0.340442
2 0.391406 0.6 0.0359375 0.0555556 0.347916
2 0.529688 0.497222 0.0234375 0.0333333 0.369344
2 0.566797 0.543056 0.0320312 0.0472222 0.392081
2 0.298438 0.929861 0.10625 0.129167 0.42097
2 0.458594 0.515972 0.028125 0.0430556 0.450602
2 0.511719 0.544444 0.034375 0.0527778 0.49126
2 0.721094 0.513194 0.0359375 0.0402778 0.4926
7 0.298047 0.930556 0.113281 0.127778 0.550454
2 0.537109 0.589583 0.0382813 0.0652778 0.726376
2 0.465625 0.575 0.034375 0.0833333 0.739341
2 0.882031 0.696528 0.096875 0.104167 0.739708
2 0.610547 0.602778 0.0460938 0.075 0.747369
2 0.38125 0.673611 0.0578125 0.0972222 0.748354
2 0.792969 0.586806 0.059375 0.0541667 0.826722
2 0.484375 0.954861 0.101562 0.0819444 0.829817
2 0.480078 0.675 0.0570313 0.0972222 0.853032
2 0.845703 0.926389 0.150781 0.133333 0.862168
2 0.653516 0.897222 0.113281 0.191667 0.863655
2 0.708203 0.736111 0.0820312 0.113889 0.867742
