2 0.483984 0.502083 0.0210938 0.0347222 0.266494
25 0.009375 0.7625 0.01875 0.0694444 0.266623
2 0.520312 0.504861 0.0203125 0.0263889 0.373103
2 0.556641 0.529167 0.0335938 0.0444444 0.39786
7 0.607813 0.766667 0.08125 0.144444 0.450176
2 0.5 0.540972 0.0265625 0.0402778 0.471172
2 0.442578 0.505556 0.0210938 0.0333333 0.514226
2 0.7 0.513194 0.0296875 0.0375 0.550191
2 0.401172 0.538194 0.0273438 0.0458333 0.62365
2 0.358984 0.759722 0.0695312 0.133333 0.628134
2 0.460156 0.570139 0.0328125 0.0541667 0.67696
2 0.608984 0.763889 0.0804688 0.144444 0.684026
2 0.525 0.584028 0.0390625 0.0597222 0.6922
2 0.579297 0.566667 0.0382813 0.0611111 0.724243
2 0.390625 0.602083 0.0359375 0.0597222 0.745392
2 0.674609 0.715972 0.0710938 0.0958333 0.822783
2 0.464453 0.677083 0.0539063 0.0958333 0.85081
