2 0.557422 0.536111 0.0273438 0.0472222 0.33364
2 0.765625 0.542361 0.04375 0.0458333 0.505609
2 0.717578 0.547917 0.0445312 0.0430556 0.535846
2 0.463672 0.579861 0.0351562 0.0597222 0.540255
2 0.666797 0.513194 0.0367187 0.0430556 0.543387
2 0.399219 0.597917 0.0375 0.0680556 0.682322
2 0.611328 0.611111 0.0476562 0.0611111 0.740602
2 0.543359 0.623611 0.0460938 0.0694444 0.746301
2 0.329297 0.9 0.102344 0.191667 0.779126
2 0.375391 0.7125 0.0570313 0.0972222 0.817301
2 0.490625 0.843056 0.0859375 0.172222 0.817327
2 0.672266 0.705556 0.0742188 0.0972222 0.828065
2 0.466406 0.688889 0.0515625 0.0916667 0.839488
2 0.978906 0.634722 0.0390625 0.0527778 0.856735
2 0.784766 0.914583 0.144531 0.165278 0.874795
2 0.642578 0.901389 0.105469 0.183333 0.891734
