2 0.485547 0.472222 0.0210938 0.0277778 0.276431
2 0.416016 0.463194 0.0242187 0.0291667 0.312883
2 0.519922 0.502778 0.0257812 0.0361111 0.344341
7 0.635547 0.883333 0.127344 0.233333 0.345906
2 0.280078 0.967361 0.0992187 0.0652778 0.408787
2 0.723437 0.515972 0.0453125 0.0458333 0.447166
2 0.383594 0.488889 0.028125 0.0666667 0.451578
2 0.652344 0.5 0.0328125 0.0388889 0.518571
2 0.453906 0.934028 0.096875 0.115278 0.531595
2 0.573438 0.578472 0.0359375 0.0569444 0.563803
2 0.636719 0.882639 0.129688 0.231944 0.591876
2 0.4875 0.529861 0.0328125 0.0486111 0.593828
2 0.892187 0.725 0.107813 0.102778 0.748722
2 0.435547 0.531944 0.0304688 0.0527778 0.771185
2 0.530078 0.614583 0.0507812 0.0819444 0.77677
2 0.462109 0.781944 0.0726563 0.141667 0.780655
2 0.835938 0.922222 0.16875 0.152778 0.782104
2 0.367188 0.666667 0.0515625 0.0972222 0.813472
2 0.370313 0.563889 0.0359375 0.0527778 0.818003
2 0.638672 0.673611 0.0710938 0.1 0.823236
