2 0.398828 0.564583 0.0304688 0.0347222 0.266
2 0.669141 0.480556 0.0320312 0.0388889 0.321054
2 0.491797 0.510417 0.0273438 0.0458333 0.328932
7 0.409375 0.479167 0.0328125 0.102778 0.358181
2 0.458594 0.538889 0.028125 0.0527778 0.448729
2 0.514844 0.545833 0.028125 0.0472222 0.518394
2 0.8 0.538194 0.0453125 0.0402778 0.635427
2 0.578516 0.559028 0.0351562 0.0569444 0.671462
2 0.504297 0.946528 0.0992187 0.0902778 0.686407
2 0.356641 0.776389 0.0726563 0.127778 0.709033
2 0.394141 0.617361 0.0445312 0.0791667 0.746245
2 0.571484 0.6875 0.0617188 0.0916667 0.786191
2 0.470703 0.613889 0.0445312 0.0777778 0.787797
2 0.474609 0.769444 0.0710938 0.136111 0.788442
2 0.926562 0.629167 0.0796875 0.075 0.817877
2 0.645312 0.653472 0.0609375 0.0736111 0.846727
2 0.734375 0.79375 0.104687 0.145833 0.860592
