2 0.614453 0.4625 0.0242187 0.0305556 0.330559
2 0.433203 0.5125 0.0210938 0.0361111 0.356527
2 0.532812 0.515278 0.025 0.0361111 0.459139
2 0.648828 0.502778 0.0320312 0.0388889 0.500072
2 0.495703 0.53125 0.0273438 0.0402778 0.582138
2 0.558203 0.5625 0.0367187 0.0583333 0.611401
2 0.447266 0.554167 0.0320312 0.0472222 0.61314
2 0.84375 0.943056 0.151562 0.113889 0.635405
2 0.466797 0.688194 0.0460938 0.0930556 0.754657
2 0.75625 0.602778 0.053125 0.0583333 0.755522
2 0.3875 0.561806 0.03125 0.0486111 0.770341
2 0.343359 0.777778 0.0726563 0.130556 0.794658
2 0.598828 0.790278 0.0882813 0.155556 0.800497
2 0.375 0.636111 0.05 0.0861111 0.809841
2 0.474609 0.799306 0.0726563 0.143056 0.830272
2 0.625781 0.647222 0.059375 0.0777778 0.841822
