2 0.677734 0.505556 0.0289063 0.0416667 0.271385
2 0.669141 0.520139 0.0398437 0.0541667 0.284846
2 0.378906 0.484722 0.021875 0.0444444 0.300759
2 0.541016 0.541667 0.0320312 0.0388889 0.360282
2 0.46875 0.50625 0.028125 0.0402778 0.393668
2 0.636719 0.498611 0.0359375 0.0472222 0.428075
2 0.425 0.504861 0.025 0.0486111 0.434318
2 0.371094 0.532639 0.0296875 0.0430556 0.477525
2 0.844531 0.958333 0.135937 0.075 0.519992
2 0.661328 0.5375 0.0414063 0.0444444 0.523023
2 0.500391 0.559722 0.0398437 0.0611111 0.60375
2 0.446094 0.654861 0.0484375 0.0847222 0.66696
2 0.583203 0.604167 0.0523437 0.075 0.73301
2 0.319141 0.822917 0.0820312 0.159722 0.747771
2 0.686719 0.750694 0.0921875 0.126389 0.75476
2 0.375 0.60625 0.040625 0.0736111 0.76022
2 0.770312 0.586111 0.05625 0.0527778 0.819961
2 0.444531 0.78125 0.0734375 0.148611 0.820152
2 0.555078 0.696528 0.0710938 0.129167 0.830609
2 0.896094 0.602083 0.0828125 0.0708333 0.860603
