2 0.557813 0.534722 0.028125 0.0388889 0.339095
2 0.501953 0.535417 0.0289063 0.0402778 0.34908
7 0.409375 0.485417 0.0328125 0.0986111 0.395895
2 0.707422 0.496528 0.0320312 0.0347222 0.454064
2 0.527344 0.571528 0.034375 0.0569444 0.498959
2 0.461719 0.560417 0.03125 0.0625 0.581916
2 0.321484 0.881944 0.0992187 0.186111 0.614036
2 0.596484 0.581944 0.0429688 0.0722222 0.651767
2 0.781641 0.549306 0.0460938 0.0486111 0.671977
2 0.387891 0.645833 0.0507812 0.0916667 0.719764
2 0.476562 0.645139 0.0515625 0.0875 0.780579
2 0.610547 0.788194 0.0851562 0.134722 0.794561
2 0.803906 0.897917 0.140625 0.190278 0.824226
2 0.480078 0.895139 0.0945313 0.195833 0.847086
2 0.678906 0.697222 0.0734375 0.0972222 0.847198
2 0.909375 0.665278 0.0828125 0.0722222 0.854281
