2 0.784375 0.513194 0.040625 0.0402778 0.254317
2 0.610156 0.593056 0.05 0.0722222 0.345694
25 0.021875 0.734722 0.04375 0.102778 0.374181
2 0.517578 0.470833 0.0226563 0.0305556 0.415334
2 0.495703 0.504861 0.0226563 0.0375 0.46394
2 0.930859 0.951389 0.136719 0.0916667 0.555125
2 0.566406 0.53125 0.0328125 0.0430556 0.592283
2 0.496484 0.774306 0.0945313 0.298611 0.606237
2 0.4625 0.567361 0.0359375 0.0569444 0.63686
2 0.516406 0.541667 0.034375 0.0583333 0.653865
2 0.643359 0.643056 0.0648438 0.0888889 0.739612
2 0.548437 0.614583 0.046875 0.0652778 0.74648
2 0.346875 0.896528 0.103125 0.193056 0.83858
2 0.965625 0.638889 0.06875 0.0805556 0.846626
5 0.366406 0.634028 0.0890625 0.240278 0.858825
2 0.722266 0.7625 0.0960938 0.144444 0.86543
2 0.607422 0.775 0.0835937 0.138889 0.893047
