2 0.785547 0.565278 0.0414063 0.05 0.251877
2 0.457031 0.479167 0.0234375 0.0333333 0.316755
2 0.466406 0.972222 0.0890625 0.0472222 0.363538
2 0.482031 0.463194 0.021875 0.0319444 0.370602
2 0.41875 0.486111 0.025 0.0388889 0.459737
2 0.483984 0.521528 0.0351562 0.0513889 0.500459
2 0.552734 0.559722 0.0414063 0.0583333 0.528163
2 0.727734 0.551389 0.0523437 0.0638889 0.661292
2 0.438281 0.579167 0.0375 0.0611111 0.663888
2 0.376563 0.559028 0.034375 0.0625 0.665092
2 0.778516 0.626389 0.0773437 0.0722222 0.718104
2 0.340625 0.709028 0.0609375 0.106944 0.773
2 0.619141 0.654861 0.0648438 0.0791667 0.779173
2 0.435156 0.653472 0.0515625 0.101389 0.780851
2 0.522656 0.610417 0.05 0.0819444 0.786916
2 0.979688 0.744444 0.0390625 0.0666667 0.802827
2 0.64375 0.910417 0.129688 0.179167 0.858248
2 0.701172 0.805556 0.0945313 0.144444 0.869143
