25 0.0183594 0.734028 0.0367187 0.0986111 0.301913
2 0.734375 0.490278 0.034375 0.0361111 0.365219
5 0.509375 0.841667 0.1125 0.3 0.373228
2 0.616406 0.598611 0.0453125 0.075 0.41157
2 0.448828 0.488889 0.0226563 0.0333333 0.436758
2 0.525 0.478472 0.0234375 0.0319444 0.471547
7 0.510938 0.841667 0.117188 0.297222 0.534844
2 0.461328 0.534722 0.0351562 0.0472222 0.558017
7 0.331641 0.939583 0.100781 0.118056 0.564013
2 0.502344 0.517361 0.0265625 0.0402778 0.630418
2 0.576172 0.540278 0.0335938 0.0472222 0.64921
2 0.525781 0.559028 0.0359375 0.0736111 0.652275
2 0.652344 0.654167 0.0609375 0.0916667 0.716474
2 0.487109 0.663889 0.0523437 0.0694444 0.731907
2 0.467187 0.583333 0.0375 0.0583333 0.740602
2 0.559375 0.638889 0.05 0.0777778 0.774084
2 0.736719 0.777778 0.1 0.15 0.832568
5 0.358203 0.665278 0.102344 0.275 0.868137
2 0.642969 0.867361 0.103125 0.179167 0.902237
