2 0.548437 0.529167 0.075 0.0472222 0.262024
7 0.491016 0.738194 0.0851562 0.259722 0.280448
2 0.692578 0.4875 0.0320312 0.0444444 0.287402
9 0.602734 0.465972 0.00859375 0.0458333 0.306424
2 0.905859 0.929861 0.161719 0.129167 0.308588
2 0.442187 0.470833 0.021875 0.0361111 0.314155
2 0.690625 0.536806 0.0359375 0.0402778 0.337134
7 0.909375 0.930556 0.1625 0.130556 0.34424
25 0.021875 0.736111 0.04375 0.105556 0.41341
2 0.491016 0.498611 0.0242187 0.0333333 0.447553
2 0.607813 0.590278 0.05 0.0694444 0.481621
2 0.490625 0.7375 0.0859375 0.258333 0.49831
2 0.512891 0.469444 0.0210938 0.0277778 0.503487
2 0.455469 0.516667 0.03125 0.0527778 0.521629
2 0.561328 0.524306 0.0304688 0.0458333 0.626608
2 0.511719 0.53125 0.03125 0.0541667 0.673097
2 0.460938 0.557639 0.0359375 0.0569444 0.694132
2 0.641016 0.639583 0.0601562 0.0875 0.780193
2 0.542578 0.602778 0.0429688 0.0611111 0.79051
2 0.716016 0.753472 0.0929687 0.140278 0.79364
2 0.355078 0.861111 0.0929687 0.191667 0.796781
5 0.369531 0.622222 0.0875 0.219444 0.850593
2 0.592188 0.7375 0.075 0.122222 0.866954
