2 0.531641 0.586111 0.0398437 0.0888889 0.252611
2 0.475781 0.604861 0.0453125 0.0930556 0.283456
2 0.703516 0.492361 0.0320312 0.0430556 0.283701
2 0.497656 0.497222 0.021875 0.0305556 0.333881
2 0.467578 0.452778 0.0210938 0.0305556 0.377084
2 0.521875 0.554861 0.0328125 0.0486111 0.532418
2 0.458594 0.508333 0.0265625 0.0444444 0.562126
2 0.542188 0.5 0.0265625 0.0361111 0.576538
2 0.763281 0.6 0.0625 0.0555556 0.588123
7 0.33125 0.785417 0.134375 0.3875 0.610718
2 0.594141 0.5625 0.0367187 0.05 0.611502
2 0.630469 0.618056 0.053125 0.0833333 0.616264
2 0.469922 0.565278 0.0351562 0.0527778 0.618051
2 0.671875 0.679167 0.071875 0.105556 0.644617
5 0.330469 0.782639 0.134375 0.395833 0.699924
2 0.478125 0.634722 0.04375 0.075 0.747942
2 0.547656 0.60625 0.046875 0.0819444 0.794017
2 0.591016 0.722222 0.0695312 0.108333 0.832325
2 0.503516 0.804167 0.0742188 0.147222 0.875194
2 0.794531 0.859722 0.125 0.183333 0.885452
