2 0.466797 0.468056 0.0210938 0.025 0.27897
2 0.502734 0.504861 0.0367187 0.0458333 0.289398
25 0.0242187 0.759028 0.0484375 0.104167 0.309828
2 0.410156 0.525 0.0265625 0.0472222 0.330196
7 0.30625 0.95 0.09375 0.0833333 0.336813
2 0.533984 0.510417 0.0226563 0.0291667 0.382908
2 0.489062 0.486806 0.0234375 0.0402778 0.391722
2 0.758984 0.608333 0.0710938 0.0722222 0.4041
2 0.441406 0.497222 0.021875 0.0333333 0.449891
2 0.754687 0.547917 0.040625 0.0513889 0.530756
2 0.509766 0.538194 0.0289063 0.0458333 0.573767
2 0.550781 0.540278 0.025 0.0333333 0.604967
2 0.458203 0.547917 0.0273438 0.0458333 0.672276
2 0.594922 0.578472 0.0351562 0.0541667 0.709297
2 0.475391 0.670833 0.0476562 0.0916667 0.718846
2 0.934375 0.759028 0.109375 0.101389 0.743294
2 0.372656 0.708333 0.0546875 0.0972222 0.769365
2 0.633594 0.645833 0.0609375 0.0833333 0.803838
2 0.486328 0.902778 0.102344 0.177778 0.806125
2 0.578125 0.702778 0.0640625 0.105556 0.809305
2 0.395703 0.6 0.0367187 0.0694444 0.81294
2 0.53125 0.604861 0.0390625 0.0597222 0.824546
