2 0.551562 0.529167 0.025 0.0361111 0.327003
2 0.498828 0.525 0.0289063 0.0472222 0.399572
2 0.459766 0.553472 0.0289063 0.0569444 0.425133
7 0.410547 0.486111 0.0351562 0.102778 0.444828
7 0.335547 0.838889 0.0867188 0.155556 0.472961
2 0.736719 0.506944 0.0359375 0.0361111 0.508677
2 0.335547 0.8375 0.0867188 0.158333 0.539903
2 0.589063 0.572222 0.0390625 0.0666667 0.61187
2 0.817969 0.571528 0.0484375 0.0541667 0.623859
2 0.522266 0.561806 0.0335938 0.0513889 0.625719
2 0.390234 0.635417 0.0476562 0.0902778 0.710039
2 0.475391 0.63125 0.0476562 0.0819444 0.723707
2 0.971094 0.724306 0.0578125 0.0819444 0.845683
2 0.664844 0.680556 0.0671875 0.0888889 0.847941
2 0.478516 0.842361 0.0804688 0.168056 0.862216
2 0.777734 0.859722 0.125781 0.169444 0.863935
2 0.596094 0.745139 0.078125 0.115278 0.883294
