2 0.453125 0.456944 0.0234375 0.0305556 0.305791
25 0.0121094 0.760417 0.0242187 0.0736111 0.317494
2 0.707422 0.576389 0.0476562 0.0416667 0.334569
2 0.397266 0.513889 0.0273438 0.0388889 0.396766
2 0.527734 0.509722 0.0257812 0.0388889 0.422236
2 0.477344 0.492361 0.025 0.0347222 0.466229
2 0.567969 0.561111 0.0375 0.0527778 0.53182
5 0.778906 0.34375 0.14375 0.0680556 0.557277
2 0.3375 0.772917 0.075 0.148611 0.571613
2 0.728125 0.525 0.0390625 0.0444444 0.571833
2 0.505078 0.538889 0.0335938 0.05 0.589839
7 0.336328 0.775694 0.0757812 0.145833 0.591738
2 0.856641 0.934722 0.158594 0.122222 0.607386
2 0.439063 0.545833 0.034375 0.0666667 0.634901
2 0.703125 0.740278 0.0875 0.130556 0.637491
2 0.598437 0.621528 0.040625 0.0652778 0.751091
2 0.538672 0.634028 0.0523437 0.0819444 0.791988
2 0.4625 0.677083 0.053125 0.0986111 0.836252
2 0.382422 0.602083 0.0382813 0.0652778 0.856968
2 0.625781 0.902778 0.110937 0.188889 0.859335
