2 0.453516 0.518056 0.0273438 0.0527778 0.287714
2 0.763281 0.620139 0.05625 0.0513889 0.319695
2 0.746875 0.526389 0.0484375 0.0472222 0.329497
2 0.560156 0.538889 0.0296875 0.0527778 0.375618
2 0.655078 0.50625 0.0335938 0.0402778 0.432523
2 0.701953 0.536806 0.0414063 0.0402778 0.615189
2 0.464844 0.584028 0.0359375 0.0625 0.664099
2 0.548047 0.629861 0.0492188 0.0708333 0.664657
2 0.617578 0.61875 0.0507812 0.0680556 0.720268
2 0.398828 0.6 0.0398437 0.0722222 0.749369
2 0.681641 0.719444 0.0789063 0.102778 0.760972
2 0.803125 0.927778 0.148438 0.141667 0.772906
2 0.322656 0.915278 0.10625 0.166667 0.788221
2 0.661719 0.923611 0.115625 0.152778 0.790388
2 0.372266 0.720139 0.0601562 0.101389 0.827178
2 0.492578 0.867361 0.0945313 0.198611 0.833284
2 0.467969 0.700694 0.0578125 0.0958333 0.868562
2 0.949219 0.613194 0.0734375 0.0569444 0.86887
