5 0.921875 0.940278 0.15625 0.108333 0.270569
2 0.44375 0.475694 0.0234375 0.0319444 0.281695
25 0.021875 0.743056 0.04375 0.108333 0.30079
7 0.922266 0.941667 0.153906 0.111111 0.315823
2 0.608984 0.591667 0.0507812 0.0722222 0.396349
2 0.456641 0.516667 0.0304688 0.05 0.480522
2 0.515234 0.470139 0.0210938 0.0291667 0.486068
2 0.494141 0.502778 0.0242187 0.0361111 0.513987
2 0.564453 0.527778 0.0320312 0.0444444 0.652728
2 0.461719 0.561806 0.0359375 0.0569444 0.695461
2 0.495313 0.759722 0.090625 0.277778 0.72142
2 0.515234 0.538194 0.0320312 0.0569444 0.737346
2 0.641797 0.643056 0.0632813 0.0888889 0.74996
2 0.545313 0.609028 0.046875 0.0652778 0.77033
2 0.719141 0.758333 0.0945313 0.144444 0.847767
5 0.367578 0.627778 0.0867188 0.225 0.851608
2 0.350391 0.885417 0.0992187 0.209722 0.853646
2 0.599219 0.757639 0.0796875 0.131944 0.88316
