2 0.487891 0.472917 0.0226563 0.0263889 0.264857
2 0.372656 0.516667 0.0296875 0.0305556 0.276164
2 0.675 0.977083 0.103125 0.0430556 0.346245
2 0.460156 0.492361 0.025 0.0319444 0.367748
2 0.527344 0.526389 0.0328125 0.0333333 0.403677
2 0.420703 0.491667 0.0226563 0.0416667 0.411598
2 0.565234 0.577083 0.0492188 0.0680556 0.532761
2 0.489844 0.538889 0.034375 0.0472222 0.60294
2 0.440234 0.610417 0.0460938 0.0791667 0.614816
2 0.682422 0.522917 0.0398437 0.0458333 0.630717
2 0.718359 0.583333 0.0554687 0.0555556 0.667386
2 0.332422 0.747917 0.0695312 0.126389 0.694464
2 0.642969 0.686806 0.075 0.0958333 0.720375
2 0.375 0.579861 0.0359375 0.0597222 0.779942
2 0.437891 0.7 0.0570313 0.113889 0.782687
2 0.533203 0.640972 0.0570313 0.0986111 0.801315
2 0.753125 0.890278 0.11875 0.191667 0.818846
2 0.881641 0.659722 0.0835937 0.0722222 0.848366
