2 0.575781 0.546528 0.0328125 0.0513889 0.284319
2 0.692578 0.709722 0.0804688 0.138889 0.368456
2 0.502734 0.517361 0.0273438 0.0347222 0.482608
7 0.460156 0.515278 0.034375 0.0861111 0.487549
5 0.405469 0.53125 0.0421875 0.156944 0.497116
7 0.619141 0.79375 0.0851562 0.154167 0.506208
7 0.693359 0.710417 0.0820312 0.140278 0.520652
25 0.015625 0.734028 0.03125 0.0986111 0.531852
2 0.476562 0.5875 0.0359375 0.05 0.58063
2 0.510156 0.938889 0.103125 0.111111 0.60509
2 0.620313 0.791667 0.08125 0.152778 0.607861
2 0.536328 0.56875 0.0429688 0.0652778 0.625304
2 0.332812 0.863889 0.101562 0.202778 0.689512
2 0.478906 0.676389 0.05 0.125 0.699218
2 0.623828 0.626389 0.0539063 0.0777778 0.711082
2 0.808984 0.555556 0.0523437 0.0472222 0.730304
2 0.552734 0.646528 0.0539063 0.0902778 0.75446
2 0.846484 0.914583 0.153906 0.168056 0.797862
2 0.369922 0.69375 0.0585938 0.0958333 0.799907
