2 0.549219 0.553472 0.0359375 0.0486111 0.311976
2 0.380469 0.496528 0.0234375 0.0347222 0.363541
2 0.634766 0.520833 0.0335938 0.0416667 0.388919
2 0.409375 0.457639 0.025 0.0263889 0.395706
2 0.474609 0.513889 0.0289063 0.0388889 0.492483
2 0.428516 0.514583 0.0289063 0.0513889 0.668781
2 0.720312 0.798611 0.10625 0.147222 0.672862
2 0.450781 0.6875 0.0546875 0.1 0.677429
2 0.371875 0.541667 0.0296875 0.0472222 0.685593
2 0.509766 0.576389 0.0414063 0.0694444 0.71853
2 0.308203 0.872222 0.0992187 0.172222 0.720283
2 0.446484 0.8375 0.0882813 0.197222 0.776324
2 0.725391 0.554861 0.0492188 0.0458333 0.790425
2 0.597266 0.621528 0.0570313 0.0791667 0.803151
2 0.374219 0.625 0.0421875 0.0805556 0.812431
2 0.571875 0.735417 0.0796875 0.151389 0.862744
