2 0.478516 0.50625 0.0304688 0.0458333 0.377529
2 0.384375 0.534722 0.0328125 0.0472222 0.432386
2 0.511328 0.503472 0.0304688 0.0375 0.46456
2 0.983984 0.697917 0.0320312 0.0513889 0.494183
2 0.541016 0.534722 0.0320312 0.0444444 0.516182
7 0.288281 0.917361 0.0984375 0.1625 0.548565
2 0.433984 0.596528 0.0429688 0.0875 0.616441
2 0.976172 0.802083 0.0476562 0.0847222 0.677761
2 0.510156 0.569444 0.040625 0.0722222 0.678803
2 0.637891 0.698611 0.0695312 0.1 0.765405
2 0.590234 0.60625 0.0476562 0.0597222 0.790371
2 0.359375 0.656944 0.0515625 0.0861111 0.820784
2 0.837891 0.908333 0.160156 0.180556 0.839471
2 0.892187 0.659028 0.0921875 0.0958333 0.859016
2 0.576172 0.748611 0.0804688 0.138889 0.861647
2 0.462891 0.836806 0.0789063 0.179167 0.873452
