7 0.300391 0.818056 0.164844 0.347222 0.2642
2 0.449219 0.480556 0.0203125 0.0305556 0.288229
2 0.520312 0.478472 0.01875 0.0263889 0.302311
5 0.391406 0.686111 0.0484375 0.102778 0.317411
2 0.649609 0.468056 0.0273438 0.0333333 0.32866
2 0.475391 0.466667 0.0195312 0.0277778 0.335604
2 0.507031 0.513194 0.0265625 0.0375 0.506618
7 0.683984 0.702083 0.0789063 0.109722 0.527897
2 0.460156 0.525694 0.028125 0.0458333 0.573407
2 0.55 0.509722 0.0234375 0.0388889 0.585011
2 0.6375 0.631944 0.059375 0.0861111 0.619626
2 0.598437 0.575694 0.040625 0.0541667 0.621256
5 0.305469 0.814583 0.160938 0.356944 0.643818
2 0.390234 0.689583 0.0476562 0.0986111 0.649371
2 0.530078 0.573611 0.0351562 0.0583333 0.702968
2 0.474219 0.590278 0.0390625 0.0611111 0.725836
2 0.401953 0.598611 0.0351562 0.0472222 0.741355
2 0.560938 0.640972 0.05625 0.101389 0.777138
2 0.483203 0.677778 0.0507812 0.0916667 0.814605
2 0.969531 0.695833 0.0609375 0.0861111 0.816559
2 0.858203 0.915972 0.155469 0.168056 0.830776
2 0.617188 0.790278 0.084375 0.136111 0.868806
2 0.515625 0.920139 0.09375 0.159722 0.880116
