2 0.505859 0.49375 0.0242187 0.0319444 0.257798
2 0.380469 0.485417 0.0234375 0.0569444 0.268912
2 0.550391 0.554861 0.0351562 0.0486111 0.328092
2 0.632031 0.516667 0.0328125 0.0388889 0.361276
2 0.410156 0.459028 0.0234375 0.0263889 0.36363
2 0.476172 0.513194 0.0289063 0.0402778 0.441168
7 0.305469 0.8875 0.0984375 0.186111 0.499012
2 0.304688 0.885417 0.103125 0.198611 0.520475
2 0.728516 0.806944 0.113281 0.152778 0.628575
2 0.371484 0.54375 0.0320312 0.0486111 0.630923
2 0.451172 0.690972 0.0554687 0.101389 0.664641
2 0.429297 0.514583 0.0289063 0.0541667 0.68085
2 0.510156 0.579861 0.0421875 0.0680556 0.727113
2 0.447656 0.850694 0.0859375 0.2125 0.746401
2 0.601172 0.625 0.0570313 0.0777778 0.768286
2 0.374219 0.627083 0.0421875 0.0819444 0.793491
2 0.719531 0.55 0.0453125 0.0444444 0.808695
2 0.575 0.744444 0.0828125 0.161111 0.861499
