2 0.479297 0.461806 0.0179687 0.0263889 0.275571
2 0.39375 0.488889 0.0234375 0.0416667 0.289347
2 0.610156 0.461806 0.021875 0.0291667 0.313618
2 0.640625 0.497222 0.0296875 0.0416667 0.373044
2 0.433594 0.515972 0.021875 0.0375 0.416198
2 0.859375 0.952083 0.140625 0.0875 0.497597
2 0.534766 0.518056 0.0257812 0.0361111 0.562412
2 0.497656 0.536806 0.028125 0.0402778 0.674659
2 0.448047 0.559028 0.0351562 0.0513889 0.684179
2 0.559766 0.565278 0.0367187 0.0583333 0.731328
2 0.741406 0.590278 0.0515625 0.0555556 0.743661
2 0.466797 0.697222 0.0492188 0.0972222 0.745434
2 0.606641 0.809722 0.0945313 0.163889 0.76111
2 0.476172 0.816667 0.0773437 0.152778 0.765804
2 0.386719 0.563889 0.03125 0.05 0.785969
2 0.374219 0.641667 0.053125 0.0888889 0.787192
2 0.342578 0.784722 0.0742188 0.136111 0.78984
2 0.630859 0.65625 0.0601562 0.0819444 0.859279
