7 0.395703 0.521528 0.0289063 0.0930556 0.271717
2 0.553516 0.546528 0.0304688 0.0402778 0.3587
7 0.360547 0.740972 0.0695312 0.129167 0.415748
7 0.304688 0.929861 0.103125 0.123611 0.459355
2 0.305078 0.931944 0.108594 0.127778 0.462193
2 0.441406 0.520139 0.025 0.0458333 0.485791
7 0.785547 0.89375 0.130469 0.179167 0.501599
2 0.714844 0.555556 0.04375 0.0416667 0.510431
2 0.785547 0.89375 0.130469 0.181944 0.581017
2 0.502344 0.55 0.028125 0.0416667 0.599085
2 0.447656 0.592361 0.0359375 0.0569444 0.704199
2 0.360156 0.736111 0.0671875 0.130556 0.716732
2 0.628906 0.686806 0.0671875 0.0958333 0.73995
2 0.499219 0.934722 0.0875 0.116667 0.743376
2 0.586328 0.595139 0.0429688 0.0541667 0.747945
2 0.380859 0.641667 0.0414063 0.0694444 0.755603
2 0.537891 0.639583 0.0460938 0.0736111 0.817332
2 0.4625 0.661111 0.0515625 0.0916667 0.818538
2 0.915234 0.70625 0.105469 0.106944 0.858638
