2 0.768359 0.80625 0.114844 0.209722 0.297989
25 0.00976562 0.726389 0.0195312 0.0611111 0.300069
7 0.465625 0.572222 0.0484375 0.125 0.325912
7 0.497266 0.932639 0.0914062 0.123611 0.32774
2 0.578125 0.540278 0.0359375 0.0583333 0.347559
2 0.497266 0.934028 0.0867188 0.120833 0.407139
5 0.465625 0.571528 0.0484375 0.126389 0.449172
2 0.813672 0.579861 0.0679687 0.0597222 0.481216
7 0.769141 0.809028 0.113281 0.204167 0.50025
2 0.503906 0.515278 0.0296875 0.0361111 0.520503
2 0.776953 0.532639 0.0507812 0.0430556 0.526018
2 0.704687 0.525694 0.04375 0.0430556 0.540209
2 0.391016 0.644444 0.0523437 0.102778 0.66357
2 0.31875 0.879861 0.0984375 0.198611 0.686099
2 0.528125 0.568056 0.040625 0.0638889 0.718893
2 0.667188 0.934028 0.132812 0.126389 0.72411
2 0.608984 0.591667 0.0476562 0.075 0.748377
5 0.389844 0.525694 0.053125 0.131944 0.807124
2 0.671484 0.690972 0.0742188 0.109722 0.828312
2 0.968359 0.615278 0.0617188 0.0722222 0.836244
2 0.489844 0.702083 0.059375 0.104167 0.841173
2 0.593359 0.704861 0.0757812 0.123611 0.847159
