2 0.529297 0.483333 0.0242187 0.0361111 0.356368
25 0.0246094 0.73125 0.0492188 0.106944 0.443855
5 0.517578 0.863194 0.127344 0.2625 0.449771
2 0.450391 0.493056 0.0226563 0.0333333 0.492668
7 0.516406 0.864583 0.126563 0.2625 0.51993
2 0.507812 0.524306 0.0265625 0.0402778 0.543006
2 0.463281 0.539583 0.034375 0.0458333 0.543987
2 0.618359 0.609028 0.0507812 0.0763889 0.545929
2 0.580859 0.54375 0.0351562 0.0486111 0.693821
2 0.530469 0.569444 0.0359375 0.0694444 0.70283
2 0.471094 0.592361 0.0359375 0.0652778 0.739066
2 0.658203 0.660417 0.0664062 0.0930556 0.749036
2 0.491016 0.697917 0.0554687 0.0902778 0.787589
2 0.567187 0.658333 0.05625 0.0833333 0.789792
2 0.747656 0.793056 0.10625 0.158333 0.79028
2 0.8 0.538889 0.0515625 0.0527778 0.82054
5 0.353906 0.686806 0.114063 0.290278 0.823755
2 0.673047 0.91875 0.121094 0.1625 0.88116
