2 0.486719 0.489583 0.028125 0.0458333 0.25033
2 0.45 0.510417 0.0328125 0.0430556 0.272669
2 0.534375 0.490972 0.0234375 0.0347222 0.310577
2 0.514844 0.539583 0.0328125 0.0458333 0.349243
7 0.469141 0.6125 0.0539063 0.147222 0.355382
2 0.587891 0.5625 0.0445312 0.0694444 0.405552
2 0.469141 0.607639 0.0554687 0.151389 0.461755
2 0.702734 0.5125 0.0429688 0.0444444 0.479698
2 0.9875 0.665278 0.025 0.0527778 0.585842
7 0.794141 0.845139 0.121094 0.231944 0.592423
2 0.836719 0.60625 0.0734375 0.0597222 0.610408
2 0.382812 0.695833 0.0640625 0.116667 0.716786
2 0.61875 0.613194 0.05625 0.0736111 0.752468
2 0.541016 0.608333 0.0476562 0.0722222 0.783441
2 0.683594 0.713194 0.0796875 0.118056 0.807285
5 0.384375 0.554167 0.0640625 0.144444 0.821375
2 0.640234 0.821528 0.105469 0.184722 0.826086
2 0.495703 0.794444 0.0757812 0.152778 0.854474
