2 0.481641 0.480556 0.0242187 0.0361111 0.304392
2 0.408594 0.5125 0.0234375 0.0388889 0.311993
2 0.328125 0.88125 0.1 0.198611 0.333283
7 0.859375 0.631944 0.0796875 0.0972222 0.347847
2 0.859375 0.648611 0.078125 0.0722222 0.428982
2 0.498828 0.523611 0.0257812 0.0388889 0.4298
2 0.450391 0.527083 0.0242187 0.0402778 0.463589
2 0.575 0.55625 0.03125 0.0458333 0.522417
7 0.328125 0.886806 0.096875 0.201389 0.60495
2 0.964844 0.766667 0.0703125 0.1 0.624255
2 0.398438 0.570833 0.0328125 0.0583333 0.63164
2 0.517578 0.575 0.0320312 0.0472222 0.681773
2 0.551953 0.638194 0.0476562 0.0791667 0.772106
2 0.382422 0.656944 0.0460938 0.0777778 0.782059
2 0.765234 0.85 0.107031 0.15 0.81457
2 0.707812 0.938194 0.123438 0.120833 0.837688
2 0.468359 0.621528 0.0382813 0.0708333 0.851285
2 0.607031 0.608333 0.046875 0.0694444 0.852203
2 0.475 0.792361 0.075 0.156944 0.856566
