2 0.492969 0.478472 0.0234375 0.0291667 0.37449
2 0.419922 0.465972 0.0210938 0.0263889 0.398787
2 0.622266 0.480556 0.0289063 0.0305556 0.408319
2 0.383594 0.499306 0.0296875 0.0625 0.541733
2 0.782422 0.631944 0.0679687 0.0583333 0.570044
2 0.528906 0.508333 0.0265625 0.0388889 0.601524
2 0.680859 0.492361 0.0382813 0.0430556 0.674538
2 0.438281 0.541667 0.0328125 0.0611111 0.69511
2 0.677734 0.929861 0.139844 0.134722 0.718787
2 0.585547 0.595833 0.0445312 0.0611111 0.745058
2 0.976953 0.667361 0.0460938 0.0736111 0.758872
2 0.494141 0.540972 0.0351562 0.0513889 0.773032
2 0.542969 0.640972 0.0609375 0.0958333 0.791382
2 0.46875 0.86875 0.0875 0.181944 0.815737
2 0.666406 0.709028 0.08125 0.120833 0.828034
2 0.360547 0.688194 0.0585938 0.109722 0.832585
2 0.366797 0.579861 0.0367187 0.0597222 0.864441
