2 0.628906 0.491667 0.034375 0.0472222 0.264624
2 0.378906 0.4875 0.021875 0.0444444 0.300445
2 0.544922 0.547917 0.0335938 0.0430556 0.335421
2 0.407813 0.456944 0.021875 0.025 0.338298
2 0.471484 0.507639 0.0273438 0.0402778 0.43271
2 0.503906 0.566667 0.0390625 0.0611111 0.514657
2 0.648047 0.529861 0.0398437 0.0402778 0.573104
2 0.700391 0.770139 0.0976562 0.131944 0.606552
2 0.427344 0.509028 0.028125 0.0486111 0.615799
2 0.879687 0.590972 0.0484375 0.0625 0.656852
2 0.446875 0.663889 0.0515625 0.0833333 0.665985
2 0.371875 0.536806 0.028125 0.0430556 0.748797
2 0.315234 0.84375 0.0851562 0.165278 0.780572
2 0.374219 0.614583 0.040625 0.0791667 0.78581
2 0.445703 0.800694 0.0789063 0.173611 0.789933
2 0.75 0.571528 0.05 0.0541667 0.806626
2 0.589453 0.610417 0.0554687 0.0736111 0.813574
2 0.561719 0.710417 0.0734375 0.1375 0.848733
