2 0.378906 0.486806 0.0265625 0.0430556 0.272388
2 0.538281 0.538194 0.03125 0.0375 0.29292
2 0.682422 0.506944 0.0382813 0.0416667 0.312164
2 0.370313 0.53125 0.03125 0.0402778 0.385445
2 0.828516 0.947222 0.144531 0.1 0.404608
2 0.466406 0.502778 0.0265625 0.0388889 0.408109
2 0.423828 0.503472 0.0257812 0.0486111 0.522985
2 0.644922 0.502778 0.0367187 0.0472222 0.575536
2 0.667578 0.546528 0.0476562 0.0486111 0.602952
2 0.676172 0.736111 0.0882813 0.119444 0.610363
2 0.498828 0.55625 0.0398437 0.0597222 0.619226
2 0.323438 0.803472 0.078125 0.143056 0.664291
2 0.444922 0.648611 0.0476562 0.0944444 0.73482
2 0.580469 0.599306 0.0453125 0.0708333 0.746049
2 0.375391 0.600694 0.0398437 0.0763889 0.764162
2 0.549609 0.681944 0.0695312 0.125 0.778681
2 0.442187 0.761806 0.06875 0.134722 0.789848
2 0.788281 0.597222 0.059375 0.0555556 0.817607
2 0.921094 0.614583 0.0890625 0.0708333 0.859827
