2 0.414844 0.460417 0.025 0.0263889 0.357441
2 0.516797 0.500694 0.0273438 0.0347222 0.398034
2 0.383203 0.491667 0.0226563 0.0472222 0.43664
7 0.284766 0.943056 0.100781 0.105556 0.519648
2 0.485547 0.527778 0.0304688 0.0444444 0.54958
2 0.951563 0.790278 0.096875 0.1 0.574523
2 0.567969 0.571528 0.0421875 0.0541667 0.607867
2 0.667969 0.511806 0.0390625 0.0430556 0.632427
2 0.802734 0.905556 0.147656 0.186111 0.650445
2 0.435156 0.527083 0.0296875 0.0541667 0.68468
2 0.453125 0.910417 0.0953125 0.170833 0.713707
2 0.744922 0.528472 0.0492188 0.0486111 0.75469
2 0.524609 0.604167 0.0476562 0.0722222 0.794668
2 0.371094 0.559028 0.0328125 0.0541667 0.816231
2 0.627734 0.658333 0.0664062 0.0944444 0.823923
2 0.369531 0.656944 0.05 0.0916667 0.83007
2 0.618359 0.840972 0.110156 0.215278 0.844522
2 0.459766 0.755556 0.0664062 0.125 0.848233
