2 0.448438 0.523611 0.0234375 0.0472222 0.256299
2 0.408984 0.511806 0.0226563 0.0375 0.272951
25 0.0175781 0.734028 0.0351562 0.0430556 0.303107
2 0.902734 0.622222 0.0335938 0.0583333 0.306112
2 0.535547 0.521528 0.0210938 0.0347222 0.325152
2 0.498047 0.520833 0.0257812 0.0416667 0.38582
2 0.573828 0.555556 0.0304688 0.0444444 0.473414
9 0.983984 0.799306 0.0304688 0.0736111 0.518135
2 0.398438 0.568056 0.0328125 0.0583333 0.537707
2 0.515625 0.56875 0.0296875 0.0486111 0.583578
2 0.548828 0.630556 0.0445312 0.0777778 0.646444
2 0.330469 0.872222 0.103125 0.191667 0.659574
2 0.876172 0.658333 0.0820312 0.075 0.672849
2 0.382422 0.654861 0.0460938 0.0791667 0.713557
2 0.603906 0.6 0.04375 0.0722222 0.75037
2 0.754297 0.829167 0.105469 0.15 0.783631
2 0.467578 0.615972 0.0382813 0.0652778 0.817132
2 0.698438 0.927083 0.126563 0.143056 0.823536
2 0.475 0.779167 0.0734375 0.152778 0.831763
