2 0.974609 0.701389 0.0507812 0.0611111 0.251809
2 0.465234 0.54375 0.0289063 0.0430556 0.260995
2 0.703125 0.552083 0.0328125 0.0458333 0.269555
7 0.409766 0.532639 0.0367187 0.0958333 0.272067
25 0.0125 0.738194 0.025 0.0791667 0.290026
2 0.670703 0.501389 0.0320312 0.0361111 0.30925
7 0.410156 0.49375 0.040625 0.126389 0.378563
2 0.648828 0.651389 0.0601562 0.0944444 0.416684
2 0.515625 0.528472 0.0296875 0.0402778 0.4296
7 0.366016 0.738194 0.0726563 0.1375 0.432057
7 0.649609 0.650694 0.0601562 0.101389 0.507001
2 0.551172 0.515278 0.0304688 0.0388889 0.518603
7 0.452344 0.484722 0.028125 0.0805556 0.5262
2 0.528516 0.582639 0.0398437 0.0625 0.621393
2 0.592969 0.577083 0.04375 0.0625 0.63826
2 0.95 0.738194 0.0984375 0.123611 0.639019
2 0.365234 0.734722 0.0726563 0.138889 0.64006
2 0.385547 0.634722 0.0445312 0.075 0.649646
2 0.471094 0.619444 0.040625 0.0888889 0.738454
2 0.565234 0.651389 0.0523437 0.0833333 0.787512
2 0.9125 0.576389 0.046875 0.0583333 0.791271
2 0.774609 0.830556 0.113281 0.158333 0.797733
2 0.779297 0.572917 0.0570313 0.0541667 0.801848
2 0.491406 0.766667 0.0765625 0.158333 0.812371
