2 0.277344 0.974306 0.096875 0.0513889 0.297766
2 0.416406 0.464583 0.025 0.0291667 0.31525
2 0.520703 0.503472 0.0257812 0.0375 0.369921
2 0.383594 0.488889 0.028125 0.0666667 0.408815
2 0.717578 0.509028 0.0460938 0.0458333 0.475456
2 0.649219 0.497917 0.0328125 0.0375 0.494236
2 0.452734 0.942361 0.0960938 0.101389 0.510424
2 0.573828 0.581944 0.0398437 0.0583333 0.603656
2 0.488672 0.53125 0.0320312 0.0486111 0.649918
2 0.883984 0.714583 0.0820312 0.0875 0.736193
2 0.531641 0.618056 0.0507812 0.0833333 0.758815
2 0.435937 0.534028 0.03125 0.0541667 0.763805
2 0.642578 0.884722 0.128906 0.219444 0.777132
2 0.641406 0.675694 0.071875 0.101389 0.783692
2 0.463281 0.792361 0.0734375 0.143056 0.789082
2 0.365625 0.666667 0.053125 0.0972222 0.806897
2 0.839844 0.929167 0.167187 0.136111 0.815209
2 0.370313 0.565278 0.034375 0.0527778 0.827015
