2 0.700781 0.557639 0.040625 0.0430556 0.326864
2 0.516406 0.474306 0.0234375 0.0291667 0.347598
2 0.473437 0.463194 0.0234375 0.0291667 0.347998
7 0.308203 0.807639 0.166406 0.370833 0.350928
5 0.304688 0.80625 0.167187 0.379167 0.48764
2 0.503125 0.509028 0.0265625 0.0347222 0.506923
2 0.635938 0.629167 0.0546875 0.0833333 0.565817
7 0.680469 0.693056 0.0765625 0.111111 0.57904
2 0.395312 0.675 0.0421875 0.0916667 0.598198
2 0.548047 0.50625 0.0242187 0.0375 0.598231
2 0.460547 0.520139 0.0257812 0.0430556 0.654377
2 0.473437 0.583333 0.0390625 0.0611111 0.690425
2 0.403125 0.591667 0.034375 0.0444444 0.693208
2 0.597266 0.570833 0.0398437 0.0583333 0.704562
2 0.527734 0.56875 0.0382813 0.0569444 0.719838
2 0.831641 0.902778 0.146094 0.191667 0.735537
2 0.55625 0.627778 0.0515625 0.0916667 0.776906
2 0.481641 0.660417 0.0492188 0.0847222 0.78671
2 0.510156 0.8875 0.0875 0.183333 0.849967
2 0.607031 0.764583 0.078125 0.123611 0.850817
