2 0.464063 0.481944 0.01875 0.0277778 0.292018
2 0.396875 0.532639 0.03125 0.0430556 0.324709
2 0.677734 0.555556 0.0257812 0.0416667 0.347742
7 0.314063 0.909722 0.0984375 0.172222 0.386196
2 0.541016 0.535417 0.0273438 0.0347222 0.563091
2 0.444531 0.575694 0.0375 0.0569444 0.596677
2 0.494922 0.534028 0.0289063 0.0375 0.615609
2 0.436719 0.509722 0.025 0.0388889 0.636502
2 0.486328 0.886111 0.0804688 0.169444 0.713068
2 0.571875 0.575694 0.0359375 0.0486111 0.716405
2 0.313672 0.907639 0.0976562 0.173611 0.718986
2 0.734766 0.81875 0.105469 0.148611 0.7234
2 0.380469 0.625 0.0375 0.0666667 0.771152
2 0.758203 0.584028 0.0539063 0.0513889 0.796405
2 0.361719 0.715278 0.0640625 0.116667 0.799961
2 0.525781 0.611111 0.0421875 0.0611111 0.802619
2 0.609766 0.654861 0.0585938 0.0791667 0.811948
2 0.458594 0.636806 0.046875 0.0819444 0.814782
