25 0.0140625 0.759722 0.028125 0.0833333 0.258377
2 0.725 0.590278 0.05 0.0444444 0.260094
2 0.424219 0.4625 0.021875 0.0277778 0.261608
2 0.453516 0.456944 0.0226563 0.0277778 0.267535
2 0.477344 0.491667 0.025 0.0333333 0.385262
2 0.526953 0.506944 0.0242187 0.0361111 0.426531
7 0.341016 0.763194 0.0742188 0.131944 0.443629
2 0.504687 0.532639 0.0328125 0.0513889 0.491093
2 0.398047 0.511806 0.0273438 0.0375 0.502189
2 0.566797 0.559028 0.0382813 0.0513889 0.560557
5 0.766016 0.342361 0.144531 0.0680556 0.562753
2 0.439063 0.545833 0.03125 0.0638889 0.577568
2 0.741797 0.538194 0.0429688 0.0375 0.596102
2 0.341016 0.760417 0.0742188 0.143056 0.631052
2 0.594922 0.613194 0.0398437 0.0652778 0.695788
2 0.696094 0.727083 0.084375 0.120833 0.772696
2 0.536719 0.624306 0.0484375 0.0763889 0.779655
2 0.842188 0.922917 0.159375 0.154167 0.807742
2 0.384375 0.595139 0.0375 0.0625 0.821652
2 0.4625 0.66875 0.0515625 0.0986111 0.832787
2 0.617578 0.879861 0.103906 0.184722 0.872079
