2 0.465625 0.502083 0.028125 0.0375 0.415941
2 0.649219 0.504167 0.0390625 0.0472222 0.47993
2 0.371094 0.528472 0.0296875 0.0402778 0.481263
2 0.423047 0.502778 0.0257812 0.0444444 0.502529
2 0.828516 0.941667 0.163281 0.111111 0.52068
2 0.674609 0.552083 0.0445312 0.0486111 0.537242
2 0.497266 0.554167 0.0382813 0.0555556 0.608187
2 0.443359 0.646528 0.0476562 0.0902778 0.714111
2 0.794141 0.602083 0.0570313 0.0541667 0.718062
2 0.578125 0.596528 0.046875 0.0708333 0.737835
2 0.672266 0.728472 0.0851562 0.118056 0.741774
2 0.375391 0.598611 0.0398437 0.075 0.762949
2 0.441406 0.751389 0.0671875 0.136111 0.779986
2 0.548437 0.674306 0.0671875 0.115278 0.788397
2 0.323438 0.796528 0.0765625 0.140278 0.789764
2 0.933594 0.621528 0.0921875 0.0763889 0.877802
