7 0.476953 0.661111 0.0695312 0.177778 0.273814
25 0.0273438 0.720833 0.0546875 0.116667 0.338981
2 0.830078 0.884722 0.141406 0.222222 0.398853
7 0.83125 0.885417 0.135937 0.2125 0.414426
2 0.497656 0.508333 0.0265625 0.0444444 0.416586
2 0.810156 0.554167 0.053125 0.0472222 0.423911
2 0.455078 0.534028 0.0320312 0.0486111 0.440777
2 0.594531 0.578472 0.0421875 0.0736111 0.459972
2 0.807031 0.622917 0.071875 0.0708333 0.470592
2 0.544922 0.50625 0.0257812 0.0375 0.479033
2 0.979688 0.625 0.040625 0.0444444 0.533086
5 0.476562 0.652778 0.0703125 0.191667 0.543712
2 0.525781 0.563889 0.0359375 0.0583333 0.565229
2 0.725 0.534028 0.046875 0.0430556 0.699858
2 0.628906 0.627778 0.0546875 0.0777778 0.709774
2 0.696875 0.73125 0.0859375 0.129167 0.775285
2 0.373828 0.751389 0.0726563 0.138889 0.786107
2 0.559375 0.655556 0.05625 0.0888889 0.798129
2 0.708203 0.935417 0.139844 0.126389 0.81184
5 0.378906 0.576389 0.0734375 0.180556 0.818223
2 0.507031 0.915278 0.103125 0.163889 0.845353
