5 0.236328 0.861806 0.228906 0.270833 0.256312
7 0.867969 0.607639 0.0765625 0.0986111 0.286098
25 0.0253906 0.736111 0.0507812 0.105556 0.31014
2 0.527734 0.490278 0.0242187 0.0305556 0.347436
2 0.405859 0.55 0.0335938 0.0583333 0.363243
2 0.450781 0.490278 0.025 0.0305556 0.384059
2 0.372266 0.754167 0.0679687 0.127778 0.400911
7 0.371484 0.752778 0.0679687 0.125 0.437942
7 0.578516 0.688889 0.0679687 0.125 0.463037
2 0.480859 0.478472 0.0226563 0.0291667 0.481583
2 0.867188 0.618056 0.075 0.0805556 0.548862
2 0.513672 0.535417 0.0304688 0.0375 0.558849
2 0.556641 0.514583 0.0289063 0.0430556 0.596036
2 0.644922 0.645833 0.0632813 0.0944444 0.650379
2 0.577734 0.684722 0.0648438 0.127778 0.655955
2 0.604297 0.584028 0.0429688 0.0569444 0.685163
2 0.461719 0.540972 0.03125 0.0486111 0.704545
2 0.707812 0.7375 0.0921875 0.136111 0.72198
2 0.396484 0.619444 0.0414063 0.075 0.754285
2 0.764453 0.557639 0.0507812 0.0541667 0.770353
2 0.535547 0.59375 0.0398437 0.0625 0.780029
2 0.476562 0.620833 0.046875 0.0722222 0.79918
2 0.656641 0.906944 0.111719 0.180556 0.823067
2 0.487891 0.751389 0.0632813 0.125 0.823419
