2 0.503125 0.51875 0.0296875 0.0625 0.299161
5 0.291016 0.958333 0.0976562 0.0833333 0.313125
2 0.400781 0.507639 0.0234375 0.0375 0.362073
2 0.351953 0.730556 0.0679687 0.133333 0.369763
7 0.291797 0.958333 0.0976562 0.0833333 0.39375
2 0.65625 0.50625 0.034375 0.0375 0.468864
2 0.439453 0.539583 0.0304688 0.0513889 0.511903
7 0.351562 0.732639 0.0703125 0.134722 0.534601
2 0.562891 0.550694 0.0320312 0.0402778 0.584176
2 0.485938 0.958333 0.0921875 0.075 0.625947
5 0.713672 0.341667 0.142969 0.0638889 0.647823
2 0.789062 0.561806 0.053125 0.0513889 0.671441
2 0.587109 0.603472 0.0367187 0.0541667 0.723666
2 0.389453 0.582639 0.0367187 0.0569444 0.745812
2 0.532422 0.608333 0.0460938 0.0694444 0.782221
2 0.464063 0.64375 0.046875 0.0875 0.792608
2 0.801562 0.890278 0.148438 0.205556 0.808471
2 0.596094 0.820833 0.090625 0.152778 0.841413
2 0.676562 0.696528 0.078125 0.109722 0.842931
