2 0.516016 0.497917 0.0257812 0.0263889 0.262604
2 0.545703 0.529861 0.0273438 0.0430556 0.275357
7 0.345313 0.846528 0.0921875 0.1875 0.306377
2 0.704687 0.544444 0.04375 0.0444444 0.522136
2 0.460156 0.561806 0.03125 0.0541667 0.583904
2 0.400391 0.585417 0.0351562 0.0597222 0.588315
2 0.344922 0.84375 0.0898438 0.179167 0.639324
2 0.595312 0.590972 0.0390625 0.0569444 0.663718
2 0.774609 0.586111 0.0570313 0.0583333 0.747233
2 0.462891 0.658333 0.0476562 0.0833333 0.783991
2 0.645703 0.669444 0.0617188 0.0833333 0.788267
2 0.38125 0.695139 0.0515625 0.0875 0.792142
2 0.533594 0.6 0.0390625 0.0583333 0.804272
2 0.482422 0.772222 0.0710938 0.15 0.807
2 0.601562 0.795833 0.0796875 0.133333 0.870392
2 0.729688 0.842361 0.114063 0.159722 0.875333
