2 0.502734 0.509028 0.0257812 0.0402778 0.276514
2 0.527344 0.600694 0.0390625 0.0763889 0.327955
2 0.409766 0.53125 0.0335938 0.0652778 0.335393
2 0.537891 0.502778 0.0257812 0.0361111 0.35532
7 0.408594 0.503472 0.034375 0.109722 0.378198
2 0.575391 0.552778 0.0351562 0.0527778 0.392072
2 0.459375 0.529167 0.0296875 0.0416667 0.412269
2 0.689062 0.492361 0.03125 0.0402778 0.453555
2 0.979688 0.653472 0.040625 0.0819444 0.484843
2 0.516797 0.550694 0.0351562 0.0597222 0.543482
2 0.389844 0.611111 0.040625 0.0611111 0.605171
2 0.622266 0.617361 0.0507812 0.0819444 0.611278
2 0.738672 0.547917 0.0476562 0.0430556 0.632285
2 0.467187 0.590972 0.034375 0.0763889 0.64784
2 0.69375 0.945139 0.128125 0.104167 0.682258
2 0.376563 0.691667 0.0609375 0.111111 0.699542
2 0.880859 0.947917 0.164844 0.0986111 0.719564
2 0.546094 0.609028 0.040625 0.0680556 0.761782
2 0.794922 0.620833 0.0710938 0.0694444 0.776918
2 0.483203 0.699306 0.0632813 0.115278 0.838497
2 0.731641 0.770139 0.0929687 0.126389 0.842105
2 0.939844 0.681944 0.1 0.0861111 0.857986
