2 0.478516 0.452778 0.0242187 0.0305556 0.255678
2 0.708203 0.577083 0.0398437 0.0347222 0.291703
2 0.499219 0.48125 0.021875 0.0347222 0.365047
2 0.421875 0.472917 0.025 0.0291667 0.447637
2 0.538672 0.51875 0.0289063 0.0430556 0.506481
2 0.382812 0.5125 0.028125 0.0611111 0.685396
2 0.601562 0.622222 0.05625 0.075 0.735458
2 0.353906 0.726389 0.065625 0.130556 0.741414
2 0.479688 0.9375 0.1125 0.113889 0.761038
2 0.5625 0.684722 0.0703125 0.116667 0.768688
2 0.442187 0.561806 0.0375 0.0680556 0.770265
2 0.874609 0.597222 0.0664062 0.0722222 0.781099
2 0.917578 0.736806 0.116406 0.123611 0.821172
2 0.362109 0.602083 0.0414063 0.0652778 0.827955
2 0.704687 0.763889 0.101562 0.152778 0.832846
2 0.502344 0.560417 0.0375 0.0569444 0.849779
