0 0.995703 0.561111 0.00859375 0.0555556 0.272289
2 0.439063 0.541667 0.0296875 0.0416667 0.345603
2 0.483984 0.509722 0.0257812 0.0361111 0.444719
2 0.525 0.515278 0.0265625 0.0333333 0.505947
2 0.552344 0.548611 0.0296875 0.0388889 0.622666
2 0.332422 0.835417 0.0820312 0.148611 0.704224
2 0.673828 0.538889 0.0335938 0.0416667 0.724803
2 0.669531 0.717361 0.075 0.104167 0.731763
2 0.580078 0.604167 0.0445312 0.0638889 0.745223
2 0.451953 0.591667 0.0382813 0.0638889 0.747076
2 0.508984 0.566667 0.0335938 0.05 0.75252
2 0.383594 0.595833 0.034375 0.0583333 0.787067
2 0.475781 0.769444 0.0640625 0.122222 0.796527
2 0.667578 0.933333 0.128906 0.133333 0.800687
2 0.786328 0.633333 0.0757812 0.075 0.820703
2 0.899219 0.671528 0.090625 0.0736111 0.825208
2 0.36875 0.675694 0.05625 0.101389 0.846213
2 0.484766 0.927778 0.100781 0.138889 0.854619
