2 0.410547 0.522917 0.0257812 0.0402778 0.312114
2 0.546484 0.532639 0.0242187 0.0375 0.316945
25 0.0160156 0.757639 0.0320312 0.0986111 0.459213
2 0.504687 0.532639 0.0296875 0.0430556 0.508055
2 0.584375 0.568056 0.0375 0.0527778 0.531637
2 0.831641 0.926389 0.139844 0.147222 0.548217
7 0.314063 0.923611 0.096875 0.141667 0.577548
2 0.525781 0.591667 0.0375 0.0555556 0.606378
2 0.453516 0.538889 0.0304688 0.0472222 0.639417
2 0.786719 0.582639 0.0609375 0.0736111 0.669511
2 0.472656 0.65 0.040625 0.0777778 0.708778
2 0.398047 0.5875 0.0335938 0.0611111 0.72014
2 0.483984 0.872222 0.0898438 0.2 0.744546
2 0.378125 0.6875 0.05 0.0888889 0.74944
2 0.621484 0.631944 0.0539063 0.0694444 0.76243
2 0.566406 0.672917 0.0578125 0.0986111 0.808558
