2 0.468359 0.488194 0.0210938 0.0347222 0.268069
2 0.382031 0.461806 0.021875 0.0375 0.287725
2 0.448047 0.579861 0.0335938 0.0513889 0.332978
5 0.642578 0.366667 0.0820312 0.0638889 0.360179
2 0.691016 0.536111 0.0570313 0.0611111 0.362934
2 0.522266 0.513889 0.0257812 0.0333333 0.406916
2 0.426953 0.495833 0.0320312 0.0472222 0.52992
2 0.857813 0.9375 0.15625 0.116667 0.631401
2 0.678516 0.546528 0.0382813 0.0486111 0.655251
2 0.322266 0.890972 0.0992187 0.206944 0.681076
2 0.705078 0.508333 0.0414063 0.0444444 0.728014
2 0.378125 0.561806 0.0359375 0.0625 0.75176
2 0.453516 0.644444 0.0492188 0.0833333 0.776479
2 0.567187 0.563194 0.0390625 0.0541667 0.777038
2 0.352344 0.677778 0.053125 0.0916667 0.788985
2 0.788281 0.588889 0.0625 0.0611111 0.838143
2 0.65 0.886806 0.128125 0.223611 0.843837
2 0.529297 0.626389 0.0523437 0.0833333 0.852426
2 0.669141 0.725 0.0835937 0.111111 0.876751
