2 0.550391 0.527083 0.0242187 0.0375 0.259063
2 0.820703 0.576389 0.0398437 0.0527778 0.35619
2 0.498437 0.525 0.028125 0.0444444 0.363481
7 0.410156 0.485417 0.034375 0.101389 0.419772
7 0.339063 0.831944 0.084375 0.152778 0.44652
2 0.459766 0.552083 0.0289063 0.0569444 0.477356
2 0.337891 0.828472 0.0867188 0.156944 0.608931
2 0.521875 0.559722 0.0328125 0.0527778 0.610247
2 0.586719 0.569444 0.040625 0.0694444 0.628317
2 0.742578 0.510417 0.0382813 0.0375 0.654283
2 0.390234 0.634028 0.0476562 0.0902778 0.708721
2 0.979297 0.726389 0.0414063 0.075 0.718617
2 0.475 0.629167 0.046875 0.0833333 0.739896
2 0.592969 0.736806 0.0734375 0.115278 0.846457
2 0.663281 0.676389 0.0671875 0.0888889 0.860716
2 0.477344 0.831944 0.08125 0.166667 0.877891
2 0.773047 0.852083 0.124219 0.170833 0.881664
