5 0.294922 0.948611 0.0945313 0.1 0.261258
2 0.503125 0.527083 0.0296875 0.0430556 0.271649
25 0.0132813 0.757639 0.0265625 0.0847222 0.315215
7 0.353125 0.727083 0.06875 0.126389 0.36621
7 0.296094 0.947917 0.0953125 0.101389 0.427242
7 0.790234 0.878472 0.141406 0.2125 0.446508
2 0.440234 0.535417 0.0273438 0.0486111 0.477711
2 0.560938 0.547917 0.0328125 0.0402778 0.484145
2 0.666016 0.509722 0.0351562 0.0416667 0.493128
2 0.791016 0.879167 0.141406 0.213889 0.539685
2 0.353516 0.723611 0.0664062 0.127778 0.559222
2 0.585156 0.597222 0.0375 0.0527778 0.67353
2 0.485547 0.948611 0.0914062 0.0972222 0.67448
5 0.700781 0.340972 0.14375 0.0625 0.708787
2 0.390625 0.580556 0.0359375 0.0583333 0.734711
2 0.463672 0.636111 0.0460938 0.0861111 0.765382
2 0.530859 0.604861 0.0445312 0.0680556 0.776112
2 0.670703 0.688194 0.0742188 0.104167 0.777495
2 0.592969 0.799306 0.084375 0.145833 0.872
