2 0.495703 0.504861 0.0242187 0.0402778 0.306816
7 0.355078 0.781944 0.0695312 0.127778 0.432956
2 0.564062 0.554861 0.028125 0.0402778 0.476997
2 0.85625 0.638889 0.075 0.0583333 0.481516
5 0.473047 0.336111 0.138281 0.0611111 0.486279
2 0.441406 0.504861 0.025 0.0458333 0.499879
2 0.544141 0.51875 0.0257812 0.0319444 0.564168
2 0.460547 0.569444 0.0320312 0.0555556 0.604614
2 0.407031 0.539583 0.03125 0.0458333 0.609197
2 0.355078 0.780556 0.0695312 0.127778 0.618204
2 0.516016 0.554861 0.0304688 0.0486111 0.638053
2 0.758203 0.609028 0.0601562 0.0513889 0.674091
2 0.670313 0.694444 0.078125 0.119444 0.780653
2 0.384766 0.636806 0.0460938 0.0847222 0.782958
2 0.613672 0.603472 0.0476562 0.0652778 0.790307
2 0.61875 0.807639 0.0875 0.159722 0.792901
2 0.547266 0.646528 0.0476562 0.0763889 0.802227
2 0.479297 0.748611 0.0617188 0.119444 0.818188
