2 0.441406 0.518056 0.0296875 0.0611111 0.281664
2 0.407813 0.497917 0.021875 0.0291667 0.295111
2 0.500781 0.513194 0.028125 0.0430556 0.299441
7 0.320703 0.892361 0.0945313 0.1875 0.304618
2 0.554297 0.534722 0.0289063 0.0333333 0.339373
2 0.723437 0.549306 0.0421875 0.0402778 0.468712
2 0.64375 0.644444 0.0609375 0.0861111 0.475351
7 0.642578 0.645833 0.0632813 0.0861111 0.487122
5 0.608594 0.336111 0.132812 0.0638889 0.501788
2 0.575781 0.577083 0.03125 0.0430556 0.537948
2 0.397656 0.560417 0.0328125 0.0513889 0.614475
2 0.321484 0.888194 0.0976562 0.193056 0.615773
2 0.524609 0.578472 0.0398437 0.0597222 0.630368
2 0.946875 0.769444 0.10625 0.113889 0.662441
2 0.367578 0.679167 0.0554687 0.105556 0.727663
2 0.463281 0.604167 0.0375 0.0666667 0.740975
2 0.726562 0.782639 0.104687 0.1625 0.808883
2 0.56875 0.716667 0.065625 0.108333 0.810262
2 0.483203 0.878472 0.0882813 0.176389 0.839792
2 0.690234 0.943056 0.116406 0.111111 0.849025
2 0.933984 0.642361 0.0851562 0.0708333 0.859785
