2 0.547656 0.553472 0.03125 0.0430556 0.325958
2 0.379687 0.496528 0.0234375 0.0375 0.354527
2 0.408203 0.457639 0.0226563 0.0263889 0.355876
2 0.473437 0.5125 0.0296875 0.0388889 0.42854
2 0.641016 0.524306 0.0351562 0.0430556 0.473155
2 0.507422 0.571528 0.0414063 0.0652778 0.583488
2 0.449609 0.669444 0.0539063 0.0833333 0.640894
2 0.310547 0.8625 0.0914062 0.177778 0.6909
2 0.371484 0.540278 0.0289063 0.0472222 0.699582
2 0.428125 0.5125 0.0296875 0.05 0.703155
2 0.445703 0.813889 0.0835937 0.194444 0.77355
2 0.374609 0.621528 0.0414063 0.0791667 0.804213
2 0.736719 0.5625 0.05 0.05 0.809277
2 0.594141 0.616667 0.0554687 0.0777778 0.81507
2 0.567578 0.727083 0.0789063 0.143056 0.840179
2 0.713281 0.785417 0.104687 0.140278 0.869781
