7 0.403906 0.535417 0.04375 0.151389 0.253941
5 0.747266 0.347222 0.0523437 0.0333333 0.29359
2 0.580469 0.551389 0.034375 0.0583333 0.307393
25 0.0265625 0.738194 0.053125 0.104167 0.480443
7 0.462109 0.519444 0.0367187 0.0944444 0.49706
7 0.705859 0.720833 0.0835937 0.152778 0.514388
5 0.404687 0.534028 0.04375 0.1625 0.560985
2 0.506641 0.520139 0.0273438 0.0430556 0.631114
2 0.763672 0.527083 0.0445312 0.0430556 0.639994
2 0.541797 0.582639 0.0445312 0.0680556 0.709905
2 0.646484 0.859722 0.0960938 0.183333 0.76623
2 0.318359 0.893056 0.113281 0.208333 0.770474
2 0.478125 0.600694 0.040625 0.0569444 0.770815
2 0.633594 0.638194 0.0578125 0.0847222 0.773761
2 0.483203 0.699306 0.0554687 0.129167 0.796042
2 0.560938 0.670833 0.0640625 0.1 0.809348
2 0.362891 0.709722 0.0664062 0.116667 0.810018
2 0.857813 0.923611 0.151562 0.152778 0.811708
2 0.920313 0.668056 0.096875 0.1 0.867465
