2 0.455078 0.470139 0.0226563 0.0375 0.25994
2 0.376953 0.493056 0.0226563 0.0333333 0.266848
2 0.417969 0.480556 0.0234375 0.0333333 0.285083
2 0.514844 0.505556 0.03125 0.0361111 0.36515
7 0.264453 0.969444 0.0898438 0.0611111 0.391307
2 0.480078 0.511806 0.0304688 0.0486111 0.518893
2 0.787891 0.589583 0.0648438 0.0763889 0.545801
2 0.876562 0.618056 0.0765625 0.0638889 0.555959
2 0.545313 0.543056 0.0359375 0.0555556 0.591968
2 0.380469 0.545833 0.0328125 0.0527778 0.592059
2 0.909375 0.956944 0.15625 0.0805556 0.627778
2 0.4375 0.566667 0.0390625 0.0583333 0.628715
2 0.433984 0.627083 0.0476562 0.0875 0.638609
2 0.514844 0.586806 0.04375 0.0791667 0.744679
2 0.349219 0.68125 0.05625 0.0958333 0.75431
2 0.871094 0.696528 0.10625 0.109722 0.786384
2 0.602734 0.626389 0.0570313 0.0722222 0.801327
2 0.666797 0.747917 0.0789063 0.120833 0.858806
2 0.603906 0.831944 0.1 0.177778 0.871226
2 0.465234 0.915278 0.103906 0.161111 0.872691
