2 0.540234 0.516667 0.0257812 0.0333333 0.252096
7 0.408203 0.476389 0.0335938 0.0972222 0.320832
2 0.673047 0.485417 0.0320312 0.0430556 0.326546
2 0.491797 0.509722 0.0273438 0.0444444 0.327088
2 0.458984 0.5375 0.0289063 0.0555556 0.433006
7 0.357812 0.772917 0.071875 0.129167 0.505692
2 0.513672 0.545139 0.0273438 0.0458333 0.506201
2 0.576953 0.557639 0.0335938 0.0569444 0.602692
2 0.805469 0.545833 0.046875 0.0361111 0.661506
2 0.357422 0.772917 0.0726563 0.126389 0.677027
2 0.503516 0.942361 0.102344 0.106944 0.771082
2 0.470313 0.609028 0.0421875 0.0736111 0.783181
2 0.394922 0.620139 0.0414063 0.0763889 0.788562
2 0.570703 0.682639 0.0601562 0.0875 0.791876
2 0.474219 0.761806 0.0703125 0.129167 0.810432
2 0.642969 0.650694 0.0578125 0.0736111 0.818138
2 0.939062 0.636806 0.0828125 0.0763889 0.854935
2 0.730078 0.785417 0.100781 0.140278 0.877937
