2 0.503516 0.527083 0.0304688 0.0458333 0.286427
2 0.400781 0.506944 0.0234375 0.0361111 0.288306
2 0.801953 0.566667 0.0476562 0.05 0.295106
5 0.293359 0.952083 0.0929687 0.0958333 0.298054
25 0.0132813 0.75625 0.0265625 0.0875 0.332478
7 0.353125 0.727778 0.06875 0.130556 0.413944
7 0.794141 0.883333 0.144531 0.216667 0.417614
2 0.439844 0.538194 0.0265625 0.0458333 0.428606
7 0.294531 0.950694 0.09375 0.0958333 0.440601
2 0.353125 0.725694 0.065625 0.129167 0.509347
2 0.663672 0.507639 0.0335938 0.0402778 0.515156
2 0.562109 0.549306 0.0320312 0.0402778 0.560387
2 0.794531 0.884028 0.14375 0.215278 0.564094
2 0.485547 0.95 0.0914062 0.0888889 0.681454
2 0.584766 0.599306 0.0382813 0.0541667 0.714843
5 0.706641 0.340278 0.142969 0.0638889 0.733192
2 0.390234 0.581944 0.0367187 0.0583333 0.755355
2 0.531641 0.604861 0.0445312 0.0680556 0.762908
2 0.464063 0.638889 0.0453125 0.0861111 0.771416
2 0.672656 0.690972 0.075 0.104167 0.817483
2 0.594531 0.804861 0.0859375 0.148611 0.881224
