25 0.0246094 0.742361 0.0492188 0.109722 0.271532
2 0.523438 0.482639 0.021875 0.0319444 0.294558
2 0.407813 0.554167 0.0265625 0.0361111 0.30893
2 0.451562 0.485417 0.0234375 0.0319444 0.364038
2 0.864062 0.621528 0.075 0.0708333 0.367896
7 0.244531 0.829861 0.248437 0.3375 0.411267
2 0.382422 0.717361 0.0570313 0.109722 0.430415
2 0.478516 0.470833 0.0195312 0.0305556 0.449396
7 0.383203 0.715278 0.0570313 0.105556 0.482645
7 0.691797 0.713889 0.0851562 0.122222 0.491346
2 0.692578 0.714583 0.0835937 0.115278 0.535954
2 0.552734 0.5125 0.0273438 0.0388889 0.591083
2 0.905469 0.945139 0.175 0.109722 0.600026
2 0.567969 0.660417 0.0578125 0.109722 0.607057
2 0.510156 0.520833 0.028125 0.0388889 0.622213
2 0.641016 0.638194 0.0632813 0.0902778 0.647331
2 0.600391 0.579861 0.0414063 0.0541667 0.695775
2 0.460938 0.534028 0.028125 0.0458333 0.715235
2 0.521484 0.960417 0.0914062 0.0708333 0.730777
2 0.533594 0.584028 0.0375 0.0569444 0.757556
2 0.399609 0.605556 0.0382813 0.0638889 0.762823
2 0.980469 0.716667 0.0390625 0.0833333 0.815686
2 0.475391 0.603472 0.0414063 0.0652778 0.822638
2 0.485938 0.705556 0.053125 0.105556 0.822727
2 0.631641 0.8375 0.0929687 0.158333 0.876103
