7 0.832031 0.557639 0.065625 0.0819444 0.255128
2 0.442969 0.547222 0.0328125 0.0527778 0.264653
9 0.584766 0.460417 0.0101562 0.0319444 0.304009
2 0.45625 0.470833 0.021875 0.0222222 0.307726
2 0.625 0.463889 0.03125 0.0361111 0.425259
2 0.422656 0.477083 0.025 0.0347222 0.50316
2 0.380469 0.522917 0.0328125 0.0569444 0.577898
2 0.503516 0.488194 0.0242187 0.0347222 0.595928
2 0.478516 0.972917 0.0914062 0.0458333 0.596649
7 0.729297 0.801389 0.111719 0.175 0.633046
2 0.543359 0.525694 0.0335938 0.0458333 0.693295
2 0.612891 0.640278 0.0632813 0.0805556 0.735531
2 0.985156 0.74375 0.0296875 0.0625 0.754805
2 0.575391 0.717361 0.0789063 0.131944 0.757086
2 0.44375 0.576389 0.0359375 0.0666667 0.768704
2 0.832812 0.674306 0.0875 0.0958333 0.780909
2 0.507031 0.572222 0.040625 0.0611111 0.782627
2 0.347656 0.751389 0.071875 0.141667 0.847136
2 0.360938 0.618056 0.0453125 0.0722222 0.856842
