2 0.593359 0.554861 0.0601562 0.0652778 0.252756
7 0.835938 0.570833 0.0921875 0.0944444 0.279114
2 0.913672 0.975 0.119531 0.0472222 0.288301
7 0.498437 0.928472 0.090625 0.134722 0.303229
25 0.00898437 0.727083 0.0179687 0.0541667 0.339454
2 0.503516 0.514583 0.0289063 0.0347222 0.373123
7 0.767578 0.807639 0.110156 0.201389 0.379355
2 0.578125 0.540278 0.0359375 0.0583333 0.388296
2 0.767578 0.807639 0.113281 0.206944 0.404322
2 0.498437 0.926389 0.0859375 0.138889 0.487717
5 0.465625 0.566667 0.046875 0.122222 0.555536
2 0.391016 0.640972 0.0523437 0.104167 0.642825
2 0.783594 0.535417 0.05 0.0430556 0.648739
2 0.713281 0.529861 0.04375 0.0430556 0.652313
2 0.320703 0.875694 0.0976562 0.184722 0.6906
2 0.608984 0.589583 0.0460938 0.0736111 0.723149
2 0.527344 0.565972 0.040625 0.0597222 0.755164
5 0.391016 0.526389 0.0523437 0.133333 0.806
2 0.489453 0.696528 0.0601562 0.106944 0.834693
2 0.669922 0.688194 0.0757812 0.106944 0.845408
2 0.664453 0.928472 0.136719 0.140278 0.850283
2 0.591016 0.7 0.0742188 0.122222 0.850295
2 0.977734 0.61875 0.0445312 0.0680556 0.858412
