7 0.294922 0.957639 0.102344 0.0847222 0.257953
2 0.475 0.5 0.021875 0.025 0.263433
2 0.505078 0.972222 0.0835937 0.0472222 0.290477
2 0.689844 0.538194 0.040625 0.0402778 0.386705
2 0.446484 0.529167 0.0273438 0.0472222 0.426823
2 0.297656 0.95625 0.0984375 0.0847222 0.429857
2 0.560156 0.552778 0.0328125 0.05 0.497382
2 0.397656 0.560417 0.03125 0.0375 0.545534
2 0.509375 0.559722 0.03125 0.0416667 0.596897
2 0.842969 0.654167 0.0796875 0.0805556 0.668693
2 0.827734 0.925 0.152344 0.15 0.689911
2 0.359375 0.755556 0.0703125 0.136111 0.701868
2 0.450781 0.606944 0.0375 0.0611111 0.715164
2 0.597656 0.610417 0.0453125 0.0597222 0.776643
2 0.467578 0.68125 0.0570313 0.0958333 0.777562
2 0.38125 0.652083 0.0421875 0.0763889 0.788632
2 0.549219 0.665278 0.0515625 0.0833333 0.826487
2 0.647266 0.715278 0.0742188 0.102778 0.833134
2 0.982031 0.740278 0.0359375 0.0777778 0.83406
