25 0.0183594 0.73125 0.0367187 0.106944 0.277076
2 0.612109 0.595833 0.0492188 0.075 0.384032
2 0.521094 0.475694 0.021875 0.0291667 0.424549
2 0.460156 0.529167 0.034375 0.0472222 0.443162
2 0.498828 0.5125 0.0226563 0.0388889 0.478312
2 0.483594 0.640278 0.05 0.0555556 0.479077
2 0.571094 0.534028 0.03125 0.0430556 0.523406
2 0.757812 0.500694 0.0375 0.0375 0.588246
2 0.502734 0.822917 0.102344 0.3375 0.592468
2 0.521094 0.548611 0.034375 0.0638889 0.628808
2 0.647266 0.647917 0.0617188 0.0902778 0.649249
2 0.553906 0.624306 0.0484375 0.0708333 0.73885
2 0.465234 0.577083 0.0351562 0.0541667 0.775094
2 0.341406 0.917361 0.109375 0.1625 0.805242
2 0.909375 0.6 0.0734375 0.0694444 0.844906
5 0.362891 0.650694 0.0945313 0.254167 0.867711
2 0.728516 0.767361 0.0992187 0.145833 0.868104
2 0.623438 0.815278 0.090625 0.158333 0.883665
