2 0.721875 0.986806 0.0859375 0.0263889 0.315077
2 0.619141 0.501389 0.0242187 0.0361111 0.352361
2 0.385156 0.533333 0.028125 0.0361111 0.35992
2 0.651953 0.481944 0.0304688 0.0361111 0.379975
2 0.513672 0.497917 0.0242187 0.0291667 0.401194
2 0.48125 0.508333 0.0234375 0.0416667 0.42147
2 0.305078 0.949306 0.107031 0.0875 0.4274
7 0.741016 0.834722 0.114844 0.155556 0.468643
7 0.910937 0.734028 0.110937 0.1125 0.49944
2 0.741406 0.834028 0.115625 0.154167 0.539908
2 0.911328 0.731944 0.111719 0.111111 0.54562
7 0.557813 0.690278 0.06875 0.111111 0.57062
2 0.537109 0.536111 0.0320312 0.0444444 0.571762
2 0.434766 0.515278 0.0382813 0.0638889 0.628473
2 0.557422 0.688194 0.0664062 0.106944 0.705357
2 0.702344 0.532639 0.0421875 0.0458333 0.756818
2 0.455469 0.624306 0.0390625 0.0652778 0.759552
2 0.348047 0.727083 0.0632813 0.106944 0.762132
2 0.594141 0.602083 0.0445312 0.0625 0.791366
2 0.376563 0.597222 0.0421875 0.0777778 0.798006
2 0.464453 0.713194 0.0570313 0.104167 0.820954
