2 0.38125 0.558333 0.0375 0.0666667 0.285085
2 0.465234 0.477083 0.0226563 0.0236111 0.293901
2 0.520703 0.502083 0.0257812 0.0347222 0.337626
2 0.301562 0.972917 0.0859375 0.0486111 0.33889
2 0.639453 0.475 0.0304688 0.0361111 0.360505
7 0.771094 0.876389 0.128125 0.175 0.4909
7 0.566797 0.715278 0.0710938 0.119444 0.497634
2 0.544141 0.542361 0.0320312 0.0486111 0.519464
2 0.771094 0.877083 0.128125 0.179167 0.521989
2 0.484766 0.513889 0.0210938 0.0388889 0.561442
2 0.385938 0.541667 0.03125 0.0416667 0.571668
2 0.851172 0.6875 0.0835937 0.0944444 0.613829
2 0.566797 0.714583 0.0710938 0.115278 0.673027
2 0.439844 0.531944 0.034375 0.0444444 0.680059
2 0.460156 0.647917 0.0421875 0.0736111 0.725506
2 0.347266 0.744444 0.0648438 0.116667 0.72737
2 0.376172 0.609028 0.0445312 0.0819444 0.782099
2 0.601562 0.614583 0.0515625 0.0652778 0.812358
2 0.682031 0.51875 0.0390625 0.0430556 0.816411
2 0.466797 0.7375 0.0601562 0.105556 0.824695
