2 0.603125 0.643056 0.071875 0.113889 0.260573
2 0.478516 0.459028 0.0195312 0.0291667 0.273955
2 0.4375 0.559028 0.0359375 0.0569444 0.277865
2 0.417578 0.475694 0.0195312 0.0319444 0.290244
2 0.453516 0.467361 0.0226563 0.0347222 0.300973
2 0.382031 0.536806 0.034375 0.0569444 0.418294
2 0.54375 0.5375 0.03125 0.05 0.513198
2 0.512109 0.502083 0.0304688 0.0347222 0.533465
2 0.479297 0.509722 0.0304688 0.0472222 0.535558
2 0.841016 0.628472 0.0789063 0.0736111 0.535669
7 0.278125 0.9375 0.101562 0.122222 0.556807
2 0.433984 0.606944 0.0445312 0.0916667 0.7031
2 0.949609 0.6625 0.0898438 0.075 0.737364
2 0.512109 0.577083 0.0429688 0.0736111 0.755826
2 0.594922 0.6125 0.0539063 0.0666667 0.764004
2 0.8625 0.930556 0.15625 0.138889 0.806942
2 0.941016 0.760417 0.117969 0.120833 0.810945
2 0.355469 0.666667 0.053125 0.0916667 0.82337
2 0.648828 0.718056 0.0710938 0.108333 0.841768
2 0.463672 0.884028 0.0914062 0.206944 0.856499
2 0.586328 0.777778 0.0867188 0.155556 0.879958
