2 0.65625 0.517361 0.034375 0.0375 0.437589
2 0.398828 0.575 0.0320312 0.0444444 0.446048
2 0.532422 0.515278 0.0242187 0.0416667 0.46005
2 0.575391 0.570139 0.0367187 0.0541667 0.530866
2 0.519922 0.575 0.0351562 0.05 0.580933
2 0.452734 0.548611 0.0304688 0.0444444 0.658043
2 0.354688 0.788194 0.0765625 0.148611 0.742314
2 0.875391 0.65625 0.0804688 0.0763889 0.768303
2 0.763281 0.590278 0.0578125 0.0611111 0.779672
2 0.985156 0.685417 0.0296875 0.0569444 0.792032
2 0.45625 0.631944 0.0421875 0.0722222 0.792302
2 0.473047 0.717361 0.0601562 0.118056 0.800115
2 0.61875 0.636111 0.053125 0.0666667 0.800207
2 0.38125 0.671528 0.046875 0.0819444 0.84647
2 0.569141 0.713889 0.0632813 0.1 0.854449
2 0.68125 0.766667 0.0890625 0.122222 0.874184
