2 0.374609 0.504861 0.0273438 0.0402778 0.296396
2 0.521875 0.513889 0.025 0.0333333 0.343557
2 0.457031 0.482639 0.021875 0.0291667 0.358385
2 0.483203 0.463889 0.0226563 0.0305556 0.398344
2 0.782422 0.561806 0.0507812 0.0541667 0.439328
2 0.418359 0.486806 0.0257812 0.0402778 0.503631
2 0.438281 0.585417 0.0390625 0.0652778 0.624013
2 0.484375 0.525 0.034375 0.05 0.637824
2 0.721484 0.545139 0.0523437 0.0597222 0.670382
2 0.554688 0.5625 0.0421875 0.0611111 0.694008
2 0.377344 0.560417 0.0328125 0.0597222 0.708359
2 0.435547 0.661111 0.0523437 0.1 0.769525
2 0.339453 0.713889 0.0617188 0.108333 0.776015
2 0.623047 0.659028 0.0632813 0.0819444 0.793833
2 0.523047 0.614583 0.0507812 0.0847222 0.813547
2 0.76875 0.619444 0.0734375 0.075 0.817851
2 0.969141 0.735417 0.0617188 0.0902778 0.826259
2 0.646094 0.914583 0.125 0.159722 0.852277
2 0.706641 0.813889 0.0976562 0.155556 0.867115
