2 0.462891 0.65 0.0507812 0.111111 0.306889
2 0.669922 0.524306 0.0382813 0.0375 0.388756
2 0.863672 0.953472 0.141406 0.0902778 0.497314
2 0.398828 0.564583 0.0335938 0.0541667 0.512363
2 0.526563 0.511806 0.021875 0.0402778 0.521619
2 0.45 0.5375 0.03125 0.0472222 0.539599
7 0.357422 0.777083 0.0726563 0.1375 0.583831
2 0.569531 0.564583 0.034375 0.0513889 0.593061
2 0.454688 0.619444 0.040625 0.0666667 0.634096
2 0.357422 0.772917 0.0726563 0.143056 0.651697
2 0.514063 0.566667 0.0328125 0.05 0.699323
2 0.470703 0.702083 0.0554687 0.106944 0.750082
2 0.794141 0.615972 0.0664062 0.0652778 0.790283
2 0.612109 0.626389 0.0429688 0.0611111 0.79646
2 0.38125 0.664583 0.0453125 0.0763889 0.846041
2 0.666016 0.741667 0.0820312 0.113889 0.847704
2 0.559766 0.690972 0.0585938 0.0902778 0.850534
2 0.932813 0.69375 0.096875 0.0930556 0.892569
