2 0.409766 0.484028 0.0242187 0.0347222 0.264479
2 0.49375 0.504167 0.0234375 0.0361111 0.272045
2 0.680469 0.525 0.05625 0.0583333 0.321751
2 0.542188 0.517361 0.025 0.0319444 0.38329
25 0.0175781 0.756944 0.0351562 0.1 0.385249
2 0.561719 0.551389 0.0265625 0.0361111 0.432995
2 0.787891 0.632639 0.0632813 0.0652778 0.442979
2 0.440625 0.504861 0.0234375 0.0430556 0.494964
2 0.514063 0.550694 0.0296875 0.0486111 0.503062
2 0.409375 0.534722 0.0296875 0.0416667 0.573612
2 0.460156 0.565278 0.03125 0.05 0.658625
2 0.607813 0.595139 0.04375 0.0625 0.713342
2 0.660937 0.683333 0.071875 0.102778 0.72274
2 0.605469 0.775 0.0828125 0.144444 0.737471
2 0.388281 0.625694 0.04375 0.0791667 0.754477
2 0.907031 0.66875 0.0796875 0.0763889 0.766786
2 0.358984 0.761111 0.0679687 0.119444 0.778324
2 0.478516 0.726389 0.0585938 0.111111 0.818982
2 0.542578 0.635417 0.0460938 0.0736111 0.826861
