2 0.803516 0.526389 0.0507812 0.0444444 0.324065
2 0.488672 0.489583 0.0289063 0.0430556 0.332912
2 0.534375 0.491667 0.025 0.0361111 0.344831
2 0.794141 0.849306 0.128906 0.234722 0.34568
2 0.293359 0.955556 0.103906 0.0805556 0.351826
2 0.450391 0.513194 0.0335938 0.0430556 0.365827
2 0.698438 0.511111 0.0390625 0.0444444 0.416049
2 0.589063 0.565278 0.0453125 0.0722222 0.438036
2 0.820312 0.59375 0.059375 0.0569444 0.459984
2 0.515625 0.540278 0.03125 0.0472222 0.486523
7 0.795313 0.850694 0.126563 0.229167 0.488985
2 0.469922 0.615972 0.0585938 0.148611 0.598032
2 0.619922 0.613889 0.0539063 0.075 0.734568
2 0.382031 0.7 0.065625 0.116667 0.774357
2 0.976953 0.655556 0.0460938 0.0722222 0.782443
2 0.976562 0.775 0.0453125 0.0694444 0.798396
2 0.541797 0.6125 0.0476562 0.075 0.799681
5 0.384375 0.555556 0.0640625 0.147222 0.816604
2 0.685156 0.716667 0.0796875 0.119444 0.83007
2 0.495703 0.8 0.0773437 0.152778 0.831916
2 0.644531 0.832639 0.109375 0.193056 0.875148
