2 0.529688 0.513889 0.021875 0.0388889 0.426244
2 0.451562 0.541667 0.028125 0.0472222 0.466318
2 0.399219 0.565278 0.034375 0.0583333 0.482807
2 0.573438 0.565972 0.034375 0.0541667 0.533812
2 0.663281 0.520139 0.034375 0.0402778 0.551161
2 0.516797 0.570833 0.0335938 0.05 0.667231
2 0.357031 0.780556 0.0734375 0.144444 0.750456
2 0.455078 0.627083 0.0414063 0.0763889 0.779395
2 0.614062 0.63125 0.05 0.0652778 0.810598
2 0.776172 0.6 0.0601562 0.0611111 0.834415
2 0.472656 0.709028 0.0578125 0.1125 0.837349
2 0.38125 0.669444 0.0453125 0.0805556 0.846587
2 0.565234 0.704167 0.0601562 0.0944444 0.846908
2 0.901953 0.667361 0.0820312 0.0819444 0.865991
2 0.672656 0.755556 0.0859375 0.119444 0.885135
