2 0.400391 0.509028 0.0226563 0.0347222 0.346441
2 0.291406 0.963889 0.0953125 0.0638889 0.411953
2 0.486328 0.966667 0.0898438 0.0583333 0.479397
2 0.438672 0.538194 0.0304688 0.0569444 0.514599
2 0.651953 0.504861 0.0320312 0.0375 0.519535
5 0.717188 0.340278 0.148438 0.0583333 0.550205
2 0.35 0.738194 0.06875 0.131944 0.552909
2 0.562891 0.552083 0.0335938 0.0430556 0.574497
2 0.779688 0.55625 0.0484375 0.0458333 0.665111
2 0.388672 0.584028 0.0367187 0.0597222 0.736216
2 0.587109 0.605556 0.0398437 0.0555556 0.769478
2 0.462891 0.647917 0.0476562 0.0875 0.772472
2 0.600391 0.827083 0.0898438 0.156944 0.803355
2 0.533594 0.611111 0.046875 0.0694444 0.807532
2 0.679297 0.700694 0.0804688 0.1125 0.819641
2 0.810156 0.895833 0.15625 0.2 0.86197
