9 0.888672 0.563889 0.0148437 0.0444444 0.317261
2 0.467578 0.597917 0.0523437 0.134722 0.31809
2 0.716797 0.500694 0.0398437 0.0375 0.338894
2 0.657422 0.492361 0.0335938 0.0430556 0.369238
2 0.583594 0.554861 0.0390625 0.0597222 0.40832
2 0.784766 0.834028 0.121094 0.223611 0.466396
7 0.467187 0.588889 0.053125 0.147222 0.491081
7 0.784375 0.833333 0.11875 0.219444 0.499675
2 0.738672 0.534028 0.0476562 0.0513889 0.653106
2 0.385547 0.675694 0.0632813 0.115278 0.747445
5 0.385938 0.542361 0.059375 0.145833 0.758023
2 0.303516 0.922917 0.103906 0.140278 0.759472
2 0.536328 0.594444 0.0429688 0.0638889 0.774298
2 0.614844 0.605556 0.053125 0.0722222 0.798806
2 0.493359 0.752083 0.0679687 0.131944 0.813332
2 0.907031 0.649306 0.08125 0.0819444 0.826279
2 0.680469 0.70625 0.0796875 0.118056 0.826471
2 0.619141 0.772917 0.0914062 0.148611 0.830997
