2 0.789453 0.833333 0.122656 0.241667 0.277275
7 0.200781 0.882639 0.171875 0.229167 0.290368
7 0.299219 0.936806 0.110937 0.120833 0.39814
2 0.469141 0.602083 0.0539063 0.148611 0.41731
7 0.789453 0.834722 0.121094 0.233333 0.427592
2 0.512109 0.534028 0.0335938 0.0458333 0.431227
7 0.46875 0.597917 0.0546875 0.151389 0.439744
2 0.719531 0.522917 0.04375 0.0458333 0.458006
2 0.585938 0.559028 0.0421875 0.0652778 0.509579
2 0.864062 0.622222 0.0734375 0.0666667 0.697326
2 0.383984 0.686111 0.0617188 0.116667 0.757408
5 0.385156 0.546528 0.0625 0.151389 0.791748
2 0.682422 0.710417 0.0789063 0.118056 0.795869
2 0.616016 0.609722 0.0554687 0.0694444 0.799389
2 0.538672 0.602083 0.0445312 0.0625 0.801019
2 0.492969 0.777083 0.0765625 0.143056 0.842376
2 0.629687 0.797917 0.1 0.168056 0.858456
