2 0.415234 0.460417 0.0257812 0.0291667 0.296494
2 0.51875 0.501389 0.025 0.0361111 0.361344
2 0.383203 0.488194 0.0273438 0.0625 0.417834
2 0.281641 0.961111 0.0992187 0.0777778 0.442552
2 0.655859 0.503472 0.0351562 0.0375 0.473382
2 0.728516 0.518056 0.0445312 0.0444444 0.558374
2 0.487109 0.529167 0.0320312 0.0472222 0.602198
2 0.571484 0.572917 0.0414063 0.0541667 0.645822
2 0.924609 0.747917 0.0882813 0.0847222 0.658765
2 0.825391 0.917361 0.158594 0.165278 0.665046
2 0.453906 0.927778 0.0953125 0.136111 0.667928
2 0.63125 0.872222 0.125 0.236111 0.68798
2 0.435156 0.531944 0.03125 0.0527778 0.766604
2 0.528125 0.6125 0.0515625 0.0777778 0.797323
2 0.461328 0.771528 0.0695312 0.134722 0.814619
2 0.370703 0.561111 0.0335938 0.0527778 0.822436
2 0.367969 0.6625 0.05 0.0916667 0.830141
2 0.636328 0.668056 0.0710938 0.102778 0.847319
