2 0.402734 0.497917 0.0242187 0.0347222 0.305107
2 0.503125 0.51875 0.0296875 0.0486111 0.418919
7 0.305469 0.926389 0.1 0.141667 0.462559
2 0.685547 0.525 0.0351562 0.0416667 0.465276
2 0.307813 0.923611 0.1 0.144444 0.490198
2 0.440625 0.525694 0.028125 0.0569444 0.531727
2 0.559375 0.540278 0.03125 0.0416667 0.53608
5 0.664453 0.34375 0.142969 0.0791667 0.574227
2 0.359766 0.705556 0.0664062 0.122222 0.613025
2 0.394531 0.570833 0.034375 0.0555556 0.638063
2 0.582031 0.588194 0.034375 0.0541667 0.686354
2 0.762109 0.836806 0.124219 0.193056 0.692108
2 0.527734 0.590972 0.0414063 0.0625 0.744834
2 0.660156 0.671528 0.06875 0.0958333 0.7523
2 0.486719 0.920139 0.1 0.140278 0.767607
2 0.462891 0.623611 0.0445312 0.0805556 0.806283
2 0.580859 0.7625 0.0773437 0.127778 0.84215
