2 0.676953 0.557639 0.0414063 0.0402778 0.360615
2 0.395312 0.509722 0.0296875 0.0555556 0.445181
2 0.477344 0.494444 0.0265625 0.0388889 0.44639
7 0.326172 0.811111 0.0820312 0.161111 0.499506
2 0.69375 0.511111 0.034375 0.0416667 0.517516
2 0.437109 0.556944 0.0351562 0.0722222 0.530537
2 0.530469 0.515278 0.0296875 0.0388889 0.559705
2 0.886719 0.975 0.1125 0.05 0.576648
2 0.574609 0.577778 0.0351562 0.0444444 0.613822
2 0.326953 0.808333 0.0835937 0.166667 0.619741
2 0.603125 0.634722 0.046875 0.0722222 0.692343
2 0.50625 0.544444 0.034375 0.0555556 0.734418
2 0.647266 0.934028 0.121094 0.126389 0.812892
2 0.376172 0.614583 0.0429688 0.0680556 0.831832
2 0.544531 0.655556 0.05625 0.0861111 0.835181
2 0.462109 0.70625 0.0570313 0.106944 0.85153
2 0.726953 0.776389 0.0992187 0.138889 0.870391
