2 0.405469 0.545833 0.0421875 0.138889 0.265808
5 0.723437 0.348611 0.0515625 0.0333333 0.312036
5 0.404687 0.529167 0.0421875 0.152778 0.44185
5 0.468359 0.330556 0.111719 0.0555556 0.449271
7 0.701563 0.715972 0.08125 0.145833 0.465936
7 0.461328 0.519444 0.0367187 0.0944444 0.468742
25 0.0269531 0.74375 0.0539063 0.109722 0.469049
2 0.701563 0.715972 0.0828125 0.148611 0.472597
2 0.405859 0.583333 0.0382813 0.0694444 0.517032
2 0.504297 0.520139 0.0273438 0.0402778 0.519185
2 0.539844 0.577083 0.0453125 0.0680556 0.651804
2 0.478125 0.59375 0.0390625 0.0569444 0.703676
2 0.48125 0.697917 0.053125 0.118056 0.739719
2 0.780469 0.536806 0.046875 0.0486111 0.743055
2 0.558203 0.661806 0.0601562 0.0958333 0.765677
2 0.629687 0.634028 0.0546875 0.0819444 0.78129
2 0.325 0.888194 0.10625 0.218056 0.786165
2 0.635156 0.829167 0.0890625 0.166667 0.803205
2 0.367188 0.704861 0.0609375 0.104167 0.809447
2 0.852734 0.920833 0.153906 0.158333 0.842128
2 0.955859 0.70625 0.0882813 0.101389 0.868156
