2 0.520703 0.479167 0.0195312 0.0277778 0.320572
2 0.449609 0.480556 0.0210938 0.0305556 0.333552
7 0.309375 0.814583 0.153125 0.345833 0.365503
7 0.391406 0.689583 0.05 0.101389 0.393412
2 0.476172 0.467361 0.0195312 0.0291667 0.403424
25 0.0261719 0.745139 0.0523437 0.109722 0.403667
7 0.685156 0.705556 0.0796875 0.111111 0.440648
5 0.308203 0.814583 0.158594 0.351389 0.485901
2 0.685156 0.704861 0.0796875 0.1125 0.525722
2 0.508203 0.514583 0.0257812 0.0347222 0.526248
2 0.389844 0.693056 0.05 0.1 0.591548
2 0.550391 0.509722 0.0242187 0.0388889 0.6159
2 0.639063 0.634722 0.0609375 0.0888889 0.64488
2 0.599219 0.577083 0.040625 0.0541667 0.674802
2 0.460156 0.527778 0.028125 0.0444444 0.687992
2 0.530078 0.575694 0.0382813 0.0541667 0.722945
2 0.401172 0.6 0.0367187 0.05 0.764983
2 0.475 0.59375 0.040625 0.0625 0.775567
2 0.561719 0.645833 0.0578125 0.102778 0.7828
2 0.517969 0.928472 0.1 0.1375 0.788339
2 0.483984 0.685417 0.0523437 0.0930556 0.809736
2 0.863672 0.921528 0.157031 0.151389 0.839355
2 0.954297 0.68125 0.0914062 0.0930556 0.845165
2 0.619531 0.8 0.0859375 0.144444 0.863307
