2 0.722266 0.53125 0.0492188 0.0430556 0.262675
2 0.489062 0.474306 0.0203125 0.0263889 0.328777
2 0.529688 0.525694 0.0328125 0.0375 0.374526
2 0.373047 0.516667 0.0289063 0.0333333 0.382146
7 0.330859 0.75625 0.0695312 0.129167 0.443014
2 0.461328 0.492361 0.0242187 0.0347222 0.453797
2 0.988672 0.660417 0.0226563 0.0486111 0.510884
2 0.420703 0.493056 0.0257812 0.0444444 0.560886
2 0.676562 0.520139 0.040625 0.0486111 0.593665
2 0.490234 0.542361 0.0351562 0.0513889 0.594432
2 0.567578 0.579861 0.0476562 0.0736111 0.643223
2 0.33125 0.753472 0.071875 0.129167 0.662863
2 0.440625 0.616667 0.0453125 0.0777778 0.670983
2 0.713672 0.579861 0.0460938 0.0569444 0.674455
2 0.647266 0.695139 0.0742188 0.0986111 0.794081
2 0.439063 0.705556 0.0578125 0.116667 0.808561
2 0.375391 0.582639 0.0351562 0.0625 0.810896
2 0.534375 0.646528 0.0578125 0.101389 0.833081
2 0.7625 0.901389 0.121875 0.186111 0.862061
2 0.86875 0.648611 0.0765625 0.075 0.870563
