5 0.552344 0.347917 0.0546875 0.0347222 0.276954
7 0.457031 0.499306 0.028125 0.0819444 0.36783
2 0.524219 0.542361 0.0359375 0.0486111 0.42999
2 0.714453 0.53125 0.0445312 0.0430556 0.445014
5 0.408203 0.526389 0.0398437 0.136111 0.456254
25 0.0121094 0.749306 0.0242187 0.0791667 0.474728
2 0.562109 0.532639 0.0304688 0.0402778 0.485879
2 0.667578 0.674306 0.0679687 0.118056 0.489811
7 0.665234 0.669444 0.0710938 0.127778 0.512445
2 0.775 0.531944 0.046875 0.0527778 0.545963
2 0.835547 0.625 0.111719 0.0638889 0.654208
2 0.538281 0.604861 0.04375 0.0708333 0.685629
2 0.475391 0.639583 0.0429688 0.104167 0.68782
2 0.950781 0.634028 0.08125 0.0680556 0.701195
2 0.380469 0.657639 0.05 0.0819444 0.749347
2 0.355859 0.78125 0.0804688 0.159722 0.764401
2 0.603906 0.597222 0.0453125 0.0666667 0.7921
2 0.805078 0.877083 0.127344 0.181944 0.796624
2 0.583984 0.697917 0.0617188 0.104167 0.83386
2 0.500391 0.847222 0.0898438 0.2 0.862724
