7 0.722266 0.801389 0.100781 0.144444 0.273809
5 0.651563 0.395833 0.0859375 0.0361111 0.281392
2 0.626172 0.50625 0.0289063 0.0319444 0.283159
2 0.435156 0.505556 0.0234375 0.0388889 0.51306
2 0.690625 0.568056 0.03125 0.0444444 0.522007
2 0.538672 0.530556 0.0242187 0.0361111 0.53195
2 0.441797 0.56875 0.0335938 0.0569444 0.612513
2 0.316016 0.900694 0.0960938 0.181944 0.653387
2 0.722266 0.801389 0.100781 0.141667 0.674884
2 0.492188 0.529861 0.0296875 0.0402778 0.679923
2 0.484375 0.863194 0.0734375 0.1625 0.699198
2 0.569922 0.570833 0.0335938 0.05 0.709556
2 0.774609 0.59375 0.0570313 0.0541667 0.776764
2 0.380859 0.621528 0.0367187 0.0652778 0.80221
2 0.603516 0.645139 0.0539063 0.0763889 0.80464
2 0.3625 0.708333 0.0625 0.116667 0.812784
2 0.45625 0.624306 0.046875 0.0875 0.818021
2 0.522656 0.603472 0.0390625 0.0625 0.845509
