2 0.447266 0.474306 0.0195312 0.0291667 0.262381
2 0.40625 0.563889 0.0328125 0.0861111 0.270801
25 0.0203125 0.74375 0.040625 0.106944 0.277398
2 0.499609 0.500694 0.0242187 0.0319444 0.300285
2 0.469531 0.45625 0.0203125 0.0319444 0.308425
2 0.689062 0.485417 0.0328125 0.0402778 0.316422
2 0.741016 0.583333 0.0585938 0.05 0.472882
2 0.459375 0.5125 0.0265625 0.0444444 0.493207
2 0.630859 0.620139 0.0570313 0.0875 0.580742
2 0.544531 0.502778 0.0265625 0.0361111 0.581297
2 0.523828 0.559028 0.0335938 0.0486111 0.584513
2 0.471484 0.570833 0.0382813 0.0611111 0.617501
2 0.677734 0.686111 0.0679687 0.102778 0.665231
2 0.595312 0.563889 0.0390625 0.0527778 0.673895
2 0.596875 0.733333 0.071875 0.116667 0.694937
5 0.326562 0.790278 0.139062 0.394444 0.737881
2 0.80625 0.873611 0.132812 0.188889 0.743406
2 0.479688 0.640972 0.04375 0.0791667 0.781405
2 0.550781 0.613889 0.0484375 0.0861111 0.787825
2 0.505469 0.829861 0.075 0.156944 0.859501
