7 0.444922 0.465972 0.0289063 0.0625 0.258726
2 0.500391 0.527778 0.0289063 0.0444444 0.449005
2 0.461328 0.558333 0.0304688 0.0583333 0.4619
7 0.410156 0.486806 0.034375 0.101389 0.501655
2 0.524609 0.563889 0.0351562 0.0527778 0.517961
2 0.723047 0.503472 0.0351562 0.0347222 0.540299
2 0.801172 0.561111 0.0554687 0.0555556 0.624775
7 0.327344 0.859722 0.090625 0.166667 0.631196
2 0.592969 0.577778 0.040625 0.075 0.679717
2 0.389062 0.638889 0.0484375 0.0916667 0.736669
2 0.476562 0.638194 0.05 0.0847222 0.767467
2 0.601172 0.761111 0.0804688 0.125 0.838914
2 0.478906 0.865278 0.0859375 0.180556 0.850037
2 0.671094 0.6875 0.0703125 0.0916667 0.862151
2 0.952344 0.697222 0.0953125 0.0861111 0.885015
2 0.789844 0.878472 0.132812 0.173611 0.903839
