2 0.459766 0.520833 0.0289063 0.0444444 0.326156
2 0.533203 0.497917 0.0257812 0.0402778 0.343044
9 0.870703 0.672222 0.0164062 0.0638889 0.375738
2 0.390625 0.602778 0.0390625 0.0555556 0.420002
7 0.293359 0.945833 0.102344 0.105556 0.425709
2 0.409766 0.532639 0.0320312 0.0541667 0.443691
2 0.571875 0.55 0.0328125 0.05 0.446409
2 0.704687 0.503472 0.0375 0.0375 0.508941
2 0.513672 0.547917 0.0335938 0.0569444 0.562846
2 0.838281 0.65625 0.0828125 0.0708333 0.653073
2 0.378906 0.679861 0.059375 0.106944 0.679565
2 0.616016 0.610417 0.0507812 0.0736111 0.68472
2 0.465625 0.583333 0.034375 0.0777778 0.718815
2 0.766016 0.568056 0.0539063 0.0555556 0.77401
2 0.541016 0.601389 0.0382813 0.0638889 0.784393
2 0.978516 0.726389 0.0414063 0.075 0.816211
2 0.864453 0.9375 0.163281 0.113889 0.820434
2 0.674219 0.919444 0.126563 0.158333 0.850741
2 0.481641 0.686111 0.0601562 0.108333 0.854095
2 0.71875 0.751389 0.090625 0.122222 0.884313
