2 0.789453 0.552778 0.0398437 0.0555556 0.264879
2 0.538672 0.570833 0.0695312 0.0638889 0.309031
2 0.382031 0.484722 0.025 0.0638889 0.337129
2 0.507812 0.494444 0.025 0.0333333 0.364376
2 0.477344 0.516667 0.0296875 0.0416667 0.419081
2 0.554688 0.559722 0.0359375 0.0527778 0.48139
2 0.300781 0.90625 0.101562 0.176389 0.590073
2 0.430469 0.515972 0.03125 0.0569444 0.626547
2 0.5125 0.583333 0.04375 0.0694444 0.663428
2 0.371484 0.548611 0.0320312 0.0444444 0.683764
2 0.743359 0.828472 0.114844 0.159722 0.705649
2 0.373047 0.635417 0.0445312 0.0847222 0.733906
2 0.449609 0.869444 0.0898438 0.247222 0.749432
2 0.704687 0.538194 0.040625 0.0402778 0.75123
2 0.455078 0.705556 0.0585938 0.105556 0.784264
2 0.608203 0.634722 0.0601562 0.0805556 0.806203
2 0.583594 0.764583 0.0875 0.168056 0.855706
