5 0.580859 0.349306 0.0507812 0.0347222 0.295721
2 0.812109 0.604861 0.0773437 0.0652778 0.326964
2 0.697656 0.521528 0.0390625 0.0430556 0.333725
2 0.757812 0.523611 0.0453125 0.0472222 0.343823
7 0.458203 0.503472 0.0289063 0.0819444 0.351343
2 0.7875 0.609722 0.0703125 0.0583333 0.353342
7 0.407813 0.536806 0.040625 0.123611 0.35496
2 0.526563 0.551389 0.0375 0.0472222 0.369641
2 0.564844 0.534722 0.03125 0.0444444 0.442913
7 0.673828 0.683333 0.0710938 0.127778 0.570164
2 0.814453 0.889583 0.135156 0.190278 0.669356
2 0.540234 0.614583 0.0476562 0.0763889 0.67954
2 0.476562 0.647917 0.046875 0.109722 0.691548
2 0.350391 0.797917 0.0851562 0.170833 0.708667
2 0.379297 0.665972 0.0523437 0.0847222 0.766897
2 0.608984 0.604861 0.0476562 0.0652778 0.769555
2 0.589453 0.715972 0.0648438 0.109722 0.803505
2 0.912891 0.610417 0.0695312 0.0625 0.807331
2 0.501953 0.879861 0.0960938 0.215278 0.853212
