2 0.449219 0.48125 0.021875 0.0319444 0.306473
25 0.0261719 0.746528 0.0523437 0.106944 0.31901
7 0.390234 0.695139 0.0492188 0.0930556 0.348691
2 0.476172 0.467361 0.0195312 0.0291667 0.382853
7 0.306641 0.813889 0.152344 0.344444 0.404281
5 0.305469 0.813889 0.154687 0.347222 0.49696
2 0.508984 0.515278 0.0257812 0.0361111 0.55455
2 0.550781 0.510417 0.025 0.0375 0.596904
2 0.685938 0.705556 0.08125 0.113889 0.608211
2 0.389844 0.698611 0.05 0.0972222 0.615049
2 0.639844 0.635417 0.0625 0.0902778 0.651248
2 0.599219 0.577083 0.040625 0.0541667 0.658689
2 0.460547 0.528472 0.0289063 0.0458333 0.671017
2 0.562891 0.649306 0.0570313 0.0986111 0.752796
2 0.530859 0.577778 0.0382813 0.0555556 0.756971
2 0.400781 0.6 0.0359375 0.0527778 0.788181
2 0.520312 0.932639 0.104687 0.126389 0.79605
2 0.475 0.594444 0.040625 0.0638889 0.810823
2 0.484375 0.689583 0.0515625 0.0958333 0.819169
2 0.9375 0.667361 0.090625 0.0847222 0.83355
2 0.866406 0.924306 0.151562 0.140278 0.847532
2 0.621875 0.808333 0.0859375 0.144444 0.86548
