25 0.0222656 0.755556 0.0429688 0.108333 0.266745
2 0.473047 0.470833 0.0226563 0.0305556 0.31648
2 0.408984 0.492361 0.0210938 0.0347222 0.321662
2 0.547656 0.524306 0.0265625 0.0347222 0.345409
2 0.498047 0.505556 0.0273438 0.0444444 0.352717
2 0.707422 0.567361 0.0460938 0.0486111 0.539685
2 0.569531 0.563889 0.03125 0.0472222 0.567561
5 0.532812 0.336111 0.134375 0.0638889 0.597919
2 0.442187 0.509722 0.0265625 0.0472222 0.6162
2 0.402344 0.548611 0.03125 0.0472222 0.647901
2 0.626172 0.617361 0.0539063 0.0763889 0.730692
2 0.519531 0.563194 0.0359375 0.0541667 0.773341
2 0.378906 0.655556 0.05 0.0916667 0.773754
2 0.341016 0.822917 0.0804688 0.148611 0.775393
2 0.785937 0.588194 0.05625 0.0541667 0.780542
2 0.460938 0.582639 0.0359375 0.0625 0.799949
2 0.555469 0.673611 0.0578125 0.0916667 0.812833
2 0.648828 0.88125 0.108594 0.204167 0.845278
2 0.481641 0.797222 0.0710938 0.141667 0.861054
2 0.693359 0.729861 0.0882813 0.126389 0.89443
