2 0.549219 0.525 0.025 0.0388889 0.26792
2 0.497656 0.524306 0.028125 0.0430556 0.351803
7 0.409766 0.484722 0.0335938 0.102778 0.355296
2 0.460156 0.55 0.028125 0.0583333 0.440926
2 0.987109 0.727083 0.0257812 0.0763889 0.457953
2 0.746875 0.5125 0.0375 0.0388889 0.591525
2 0.585547 0.568056 0.0414063 0.0694444 0.610544
2 0.521094 0.558333 0.0328125 0.0527778 0.649151
2 0.340625 0.824306 0.084375 0.151389 0.689104
2 0.390625 0.628472 0.046875 0.0930556 0.756839
2 0.474219 0.627083 0.046875 0.0791667 0.793715
2 0.660937 0.672222 0.06875 0.0888889 0.84684
2 0.589844 0.729861 0.071875 0.109722 0.85926
2 0.476953 0.823611 0.0789063 0.161111 0.882963
2 0.76875 0.845139 0.120312 0.168056 0.899091
