2 0.692969 0.486806 0.0328125 0.0402778 0.27015
7 0.297266 0.948611 0.103906 0.102778 0.282786
2 0.298047 0.945833 0.107031 0.1 0.29909
2 0.533594 0.490972 0.025 0.0347222 0.32738
2 0.514063 0.538194 0.0328125 0.0430556 0.420302
7 0.469141 0.611111 0.0523437 0.144444 0.420765
2 0.469141 0.605556 0.0554687 0.15 0.436341
2 0.587891 0.561111 0.0445312 0.0666667 0.49539
7 0.792188 0.842361 0.120312 0.231944 0.531166
2 0.709375 0.517361 0.0421875 0.0458333 0.591529
2 0.847266 0.615278 0.0710938 0.0583333 0.620283
2 0.383203 0.692361 0.0632813 0.1125 0.712231
2 0.617578 0.611806 0.0554687 0.0708333 0.761953
2 0.539844 0.60625 0.0453125 0.0680556 0.804575
5 0.384766 0.553472 0.0632813 0.143056 0.814104
2 0.683203 0.7125 0.0789063 0.119444 0.823211
2 0.494531 0.785417 0.075 0.148611 0.848949
2 0.635156 0.8125 0.104687 0.177778 0.873075
