7 0.409766 0.485417 0.0382813 0.1125 0.250473
2 0.658594 0.470833 0.0265625 0.0333333 0.313963
2 0.463281 0.539583 0.0296875 0.0375 0.325506
2 0.511328 0.520139 0.0304688 0.0375 0.345639
7 0.451953 0.481944 0.0289063 0.0805556 0.356289
2 0.546484 0.513194 0.0273438 0.0375 0.359622
2 0.409766 0.543056 0.0335938 0.0611111 0.393407
2 0.891016 0.601389 0.0445312 0.05 0.402175
7 0.639063 0.63125 0.0609375 0.101389 0.419788
2 0.640234 0.634722 0.0585938 0.0944444 0.424217
2 0.977734 0.784722 0.0445312 0.0611111 0.435589
2 0.586328 0.566667 0.0382813 0.0583333 0.456775
2 0.688672 0.5125 0.0382813 0.0388889 0.467466
2 0.905859 0.975 0.146094 0.05 0.471267
2 0.524219 0.572917 0.0390625 0.0625 0.538569
2 0.489062 0.745833 0.0703125 0.144444 0.635138
2 0.470313 0.613194 0.0375 0.0819444 0.650115
2 0.719531 0.563889 0.053125 0.0555556 0.658954
2 0.558203 0.638194 0.0476562 0.0791667 0.747955
2 0.3875 0.624306 0.040625 0.0625 0.753675
2 0.367578 0.721528 0.0664062 0.123611 0.773271
2 0.762891 0.811111 0.107031 0.152778 0.82519
2 0.952734 0.598611 0.0695312 0.0638889 0.830184
2 0.815625 0.595139 0.0640625 0.0597222 0.831212
