2 0.464844 0.527083 0.0375 0.0986111 0.276894
2 0.564453 0.520139 0.0351562 0.0486111 0.292669
7 0.299219 0.930556 0.114063 0.122222 0.330044
2 0.725781 0.735417 0.101562 0.193056 0.362216
2 0.704297 0.486806 0.0351562 0.0430556 0.375215
2 0.514063 0.530556 0.0328125 0.0472222 0.435995
7 0.463672 0.529861 0.0367187 0.0958333 0.469563
2 0.702344 0.952083 0.101562 0.0875 0.47785
2 0.298828 0.931944 0.114844 0.125 0.537031
5 0.729297 0.741667 0.0945313 0.183333 0.550276
2 0.592188 0.5625 0.0375 0.0583333 0.571598
2 0.974609 0.763194 0.0507812 0.0819444 0.623695
5 0.402344 0.538889 0.046875 0.177778 0.632103
2 0.355078 0.751389 0.0742188 0.130556 0.730808
2 0.482812 0.621528 0.046875 0.0819444 0.741358
2 0.486328 0.759028 0.0632813 0.148611 0.786382
2 0.553906 0.608333 0.05 0.0777778 0.796555
2 0.88125 0.934028 0.1625 0.123611 0.804883
2 0.648828 0.651389 0.0632813 0.0916667 0.806634
2 0.581641 0.727083 0.0757812 0.131944 0.810124
2 0.780078 0.567361 0.0585938 0.0625 0.825785
