2 0.692578 0.540972 0.0414063 0.0402778 0.308534
7 0.296875 0.95 0.107813 0.0888889 0.384165
2 0.505469 0.965278 0.0875 0.0638889 0.387823
2 0.558203 0.552778 0.0320312 0.05 0.420813
2 0.508203 0.557639 0.0304688 0.0402778 0.434389
2 0.445703 0.527083 0.0273438 0.0458333 0.449072
2 0.397266 0.556944 0.0320312 0.0416667 0.475723
2 0.991016 0.754167 0.0179687 0.0638889 0.585824
2 0.359766 0.751389 0.0695312 0.136111 0.587918
2 0.450391 0.602778 0.0382813 0.0583333 0.711093
2 0.826172 0.922917 0.158594 0.154167 0.751782
2 0.465625 0.677083 0.05625 0.0958333 0.772577
2 0.380469 0.649306 0.040625 0.0736111 0.799464
2 0.853906 0.657639 0.0828125 0.0819444 0.806901
2 0.64375 0.711111 0.075 0.1 0.827442
2 0.595703 0.609028 0.0460938 0.0597222 0.837559
2 0.546875 0.661806 0.05 0.0819444 0.843608
