2 0.623047 0.463194 0.0289063 0.0347222 0.291989
2 0.482812 0.456944 0.0203125 0.0305556 0.300895
2 0.444531 0.557639 0.034375 0.0625 0.304172
9 0.583984 0.463194 0.0101562 0.0347222 0.315613
2 0.45625 0.470833 0.021875 0.0222222 0.325036
2 0.475781 0.98125 0.0890625 0.0319444 0.402711
2 0.422656 0.478472 0.025 0.0375 0.504198
7 0.734766 0.811806 0.113281 0.179167 0.514935
2 0.734766 0.813194 0.113281 0.176389 0.537344
2 0.503906 0.490278 0.0234375 0.0333333 0.574889
2 0.544141 0.527778 0.0320312 0.0472222 0.598852
2 0.380078 0.523611 0.0320312 0.0583333 0.650384
2 0.578125 0.725694 0.078125 0.131944 0.711278
2 0.614453 0.64375 0.0632813 0.0791667 0.722264
2 0.44375 0.583333 0.0375 0.0611111 0.728556
2 0.508203 0.575694 0.0429688 0.0625 0.788303
2 0.819141 0.655556 0.0835937 0.075 0.801615
2 0.975781 0.732639 0.0484375 0.0791667 0.814226
2 0.346484 0.75625 0.0726563 0.143056 0.821329
2 0.360938 0.622917 0.0453125 0.0763889 0.86175
