2 0.452734 0.461806 0.0242187 0.0208333 0.254009
7 0.382812 0.488194 0.0328125 0.0958333 0.287547
2 0.439844 0.523611 0.0265625 0.0388889 0.309653
2 0.494141 0.48125 0.0226563 0.0291667 0.340349
2 0.748828 0.604167 0.0554687 0.0583333 0.504352
2 0.419922 0.468056 0.0210938 0.0277778 0.519772
2 0.664062 0.483333 0.0375 0.0388889 0.526438
2 0.610156 0.471528 0.0296875 0.0291667 0.533283
2 0.383594 0.496528 0.0296875 0.0736111 0.545478
2 0.533594 0.5125 0.0265625 0.0388889 0.624664
2 0.679688 0.727778 0.0875 0.130556 0.70524
2 0.692969 0.958333 0.125 0.0833333 0.717824
2 0.439453 0.547917 0.0335938 0.0680556 0.73271
2 0.358984 0.704167 0.0601562 0.116667 0.799531
2 0.497656 0.549306 0.0359375 0.0541667 0.800005
2 0.946484 0.640278 0.0960938 0.0833333 0.816001
2 0.551172 0.657639 0.0617188 0.101389 0.823203
2 0.366406 0.5875 0.0390625 0.0611111 0.824728
2 0.591406 0.604167 0.046875 0.0638889 0.834944
2 0.471094 0.903472 0.0953125 0.181944 0.867734
