7 0.448047 0.472222 0.0289063 0.0611111 0.255411
2 0.388281 0.607639 0.046875 0.0763889 0.261806
7 0.408203 0.498611 0.0335938 0.113889 0.38475
7 0.300391 0.927083 0.108594 0.134722 0.42117
2 0.300391 0.926389 0.105469 0.133333 0.423059
2 0.529297 0.497917 0.0226563 0.0319444 0.477598
2 0.457031 0.515972 0.028125 0.0402778 0.481065
2 0.566406 0.541667 0.0328125 0.0472222 0.554078
2 0.509766 0.540972 0.0335938 0.0513889 0.56004
2 0.725781 0.516667 0.0375 0.0416667 0.603007
2 0.382031 0.670139 0.0578125 0.0986111 0.686426
2 0.464844 0.575694 0.0328125 0.0763889 0.715287
2 0.536328 0.588194 0.0367187 0.0597222 0.73402
2 0.609375 0.601389 0.0453125 0.0722222 0.756266
2 0.90625 0.708333 0.08125 0.102778 0.77182
2 0.800391 0.59375 0.0601562 0.0569444 0.796197
2 0.479688 0.670833 0.05625 0.1 0.832279
2 0.843359 0.926389 0.155469 0.138889 0.844356
2 0.485938 0.947917 0.103125 0.0958333 0.846654
2 0.649219 0.886806 0.110937 0.1875 0.846726
2 0.705859 0.732639 0.0804688 0.1125 0.849445
