2 0.407813 0.502778 0.025 0.0416667 0.253677
2 0.449609 0.514583 0.0226563 0.0402778 0.270348
2 0.497656 0.526389 0.0234375 0.0361111 0.333411
2 0.550781 0.534028 0.0265625 0.0402778 0.391334
2 0.874219 0.711111 0.084375 0.0722222 0.433089
2 0.462891 0.570833 0.0335938 0.0555556 0.578488
2 0.687109 0.529167 0.0382813 0.0444444 0.644109
2 0.399219 0.592361 0.0375 0.0597222 0.666079
2 0.806641 0.565278 0.0554687 0.0527778 0.67863
2 0.602734 0.6 0.0414063 0.0611111 0.690863
2 0.538672 0.609722 0.0414063 0.0583333 0.754106
2 0.337891 0.873611 0.0960938 0.194444 0.770842
2 0.464453 0.672222 0.0507812 0.0861111 0.825052
2 0.745313 0.566667 0.0515625 0.0527778 0.826407
2 0.379297 0.702778 0.0523437 0.0916667 0.836566
2 0.657422 0.686111 0.0695312 0.0888889 0.853439
2 0.485156 0.8 0.078125 0.155556 0.858802
2 0.753125 0.880556 0.125 0.177778 0.86429
2 0.619141 0.839583 0.0898438 0.151389 0.894332
