2 0.503906 0.460417 0.025 0.0291667 0.257447
7 0.526563 0.9 0.151562 0.186111 0.262818
2 0.701953 0.965278 0.113281 0.0611111 0.33818
2 0.489062 0.484722 0.025 0.025 0.356057
2 0.685547 0.470139 0.0304688 0.0263889 0.369857
7 0.764453 0.816667 0.111719 0.163889 0.515758
7 0.345703 0.722917 0.121094 0.334722 0.538976
2 0.453906 0.497917 0.0265625 0.0430556 0.562279
2 0.513672 0.540278 0.0304688 0.0416667 0.580661
2 0.753125 0.515972 0.0390625 0.0430556 0.586099
2 0.622656 0.611111 0.0578125 0.0861111 0.609341
2 0.536328 0.490972 0.0242187 0.0347222 0.620124
2 0.765234 0.81875 0.113281 0.168056 0.621526
2 0.585938 0.552083 0.0359375 0.0513889 0.623118
5 0.345703 0.722222 0.119531 0.336111 0.636839
2 0.890234 0.695139 0.0882813 0.0819444 0.659031
2 0.537891 0.584028 0.0414063 0.0763889 0.700095
2 0.466016 0.553472 0.0351562 0.0541667 0.711113
2 0.473437 0.608333 0.040625 0.0666667 0.734886
2 0.662891 0.666667 0.0679687 0.1 0.736102
2 0.576172 0.678472 0.0617188 0.0930556 0.794829
2 0.494922 0.742361 0.0617188 0.118056 0.842037
