7 0.408594 0.491667 0.0328125 0.0972222 0.25948
2 0.392578 0.604167 0.0382813 0.0611111 0.305402
2 0.297656 0.935417 0.103125 0.123611 0.31382
2 0.53125 0.497222 0.025 0.0361111 0.345344
25 0.0113281 0.754167 0.0226563 0.0722222 0.394452
2 0.715234 0.508333 0.0367187 0.0416667 0.397785
2 0.56875 0.546528 0.0328125 0.0458333 0.429569
2 0.458984 0.518056 0.0289063 0.0444444 0.430406
2 0.410156 0.531944 0.03125 0.0527778 0.453066
2 0.512109 0.544444 0.0335938 0.0555556 0.537025
7 0.296875 0.935417 0.110937 0.123611 0.580514
2 0.612109 0.605556 0.0460938 0.0722222 0.683089
2 0.465625 0.579167 0.034375 0.0777778 0.700623
2 0.38125 0.674306 0.0578125 0.0986111 0.706308
2 0.485547 0.961806 0.100781 0.0680556 0.73156
2 0.869141 0.679167 0.0929687 0.0833333 0.750005
2 0.538281 0.59375 0.0390625 0.0652778 0.757905
2 0.784766 0.58125 0.0570313 0.0541667 0.791466
2 0.659766 0.904861 0.119531 0.1875 0.811296
2 0.480078 0.679167 0.0585938 0.102778 0.82877
2 0.711328 0.740278 0.0867188 0.116667 0.857674
2 0.849609 0.928472 0.150781 0.126389 0.860819
