2 0.382031 0.485417 0.025 0.0597222 0.3178
2 0.413672 0.460417 0.0242187 0.0263889 0.33775
2 0.480469 0.521528 0.03125 0.0430556 0.475218
2 0.558984 0.561806 0.0367187 0.0541667 0.487056
2 0.511719 0.498611 0.025 0.0305556 0.496186
2 0.432813 0.518056 0.03125 0.0583333 0.64612
2 0.294141 0.920139 0.105469 0.154167 0.681713
2 0.371484 0.552083 0.0320312 0.0513889 0.683706
2 0.689844 0.527778 0.0390625 0.0361111 0.747465
2 0.456641 0.726389 0.0601562 0.122222 0.753662
2 0.517187 0.592361 0.0484375 0.0680556 0.784847
2 0.450391 0.885417 0.0960938 0.220833 0.787374
2 0.371484 0.643056 0.0460938 0.0833333 0.789543
2 0.775781 0.540972 0.0609375 0.0541667 0.794244
2 0.767187 0.861806 0.128125 0.176389 0.828072
2 0.614844 0.64375 0.0625 0.0847222 0.83433
2 0.596875 0.793056 0.096875 0.183333 0.876775
