2 0.567578 0.535417 0.0539063 0.0847222 0.258185
2 0.513672 0.961111 0.103906 0.0722222 0.259405
5 0.458594 0.330556 0.110937 0.0583333 0.337064
25 0.0269531 0.743056 0.0539063 0.108333 0.351643
7 0.404687 0.51875 0.0421875 0.131944 0.381801
7 0.699219 0.713889 0.0828125 0.147222 0.432188
2 0.503906 0.519444 0.0265625 0.0388889 0.525127
7 0.461328 0.51875 0.0367187 0.0930556 0.525171
2 0.699219 0.714583 0.0828125 0.148611 0.561408
2 0.539453 0.576389 0.0460938 0.0666667 0.592552
2 0.326953 0.884028 0.103906 0.220833 0.617997
2 0.406641 0.583333 0.0382813 0.0694444 0.644904
2 0.477344 0.591667 0.0375 0.0555556 0.697943
2 0.480859 0.693056 0.0523437 0.113889 0.698795
2 0.631641 0.820139 0.0882813 0.168056 0.75259
2 0.787109 0.539583 0.0507812 0.0486111 0.757439
2 0.628125 0.632639 0.0546875 0.0791667 0.773922
2 0.556641 0.659028 0.0585938 0.0930556 0.78434
2 0.367188 0.702778 0.0640625 0.0972222 0.816019
2 0.964844 0.720833 0.0703125 0.1 0.846574
2 0.85 0.920139 0.154687 0.159722 0.86316
