7 0.347656 0.827083 0.0890625 0.173611 0.25798
2 0.541797 0.526389 0.0273438 0.0444444 0.315298
2 0.349219 0.825 0.0859375 0.172222 0.509515
2 0.400391 0.584028 0.0351562 0.0569444 0.541236
2 0.916406 0.610417 0.0671875 0.0652778 0.590416
2 0.458594 0.557639 0.0296875 0.0541667 0.630848
2 0.590625 0.584028 0.0390625 0.0541667 0.646699
2 0.720703 0.55625 0.0460938 0.0458333 0.666173
2 0.461328 0.651389 0.0445312 0.0777778 0.732781
2 0.528516 0.592361 0.0367187 0.0541667 0.755841
2 0.636719 0.660417 0.0609375 0.0763889 0.776927
2 0.480078 0.753472 0.0710938 0.143056 0.796012
2 0.38125 0.6875 0.05 0.0861111 0.819671
2 0.8 0.604167 0.059375 0.0611111 0.85072
2 0.591016 0.767361 0.0726563 0.118056 0.867065
2 0.714063 0.816667 0.104687 0.15 0.867403
