2 0.457031 0.617361 0.0328125 0.0458333 0.29579
2 0.515625 0.498611 0.025 0.0277778 0.384102
2 0.648047 0.480556 0.0320312 0.0361111 0.388053
2 0.305469 0.957639 0.0984375 0.0791667 0.404703
7 0.560547 0.696528 0.0695312 0.104167 0.412891
2 0.482031 0.509722 0.0234375 0.0416667 0.437269
2 0.385547 0.5375 0.0289063 0.0388889 0.444294
2 0.539453 0.5375 0.0304688 0.0472222 0.545773
2 0.435156 0.514583 0.0390625 0.0652778 0.621719
2 0.558594 0.694444 0.0671875 0.108333 0.659914
2 0.457812 0.634722 0.0421875 0.075 0.663216
2 0.748828 0.84375 0.121094 0.159722 0.739618
2 0.347656 0.73125 0.0625 0.106944 0.747082
2 0.89375 0.719444 0.10625 0.1 0.771864
2 0.376172 0.600694 0.0429688 0.0763889 0.785891
2 0.596094 0.605556 0.046875 0.0611111 0.794622
2 0.696875 0.529861 0.0421875 0.0458333 0.807396
2 0.464844 0.718056 0.0578125 0.102778 0.83102
