2 0.508984 0.465278 0.0226563 0.0277778 0.285727
2 0.651172 0.640972 0.0882813 0.106944 0.292352
2 0.494141 0.492361 0.0226563 0.0263889 0.327959
2 0.465625 0.451389 0.021875 0.0277778 0.369965
2 0.806641 0.624306 0.0757812 0.0819444 0.385835
2 0.403906 0.639583 0.0296875 0.0791667 0.415257
2 0.538672 0.495139 0.0257812 0.0375 0.565173
2 0.45625 0.504167 0.028125 0.0416667 0.570799
2 0.721484 0.502778 0.0382813 0.0388889 0.643566
2 0.625391 0.613889 0.0523437 0.0833333 0.644691
2 0.517969 0.546528 0.0328125 0.0486111 0.663795
2 0.467969 0.559722 0.034375 0.05 0.713692
2 0.667969 0.671528 0.0703125 0.106944 0.740506
2 0.475781 0.623611 0.0421875 0.0638889 0.752303
2 0.590625 0.559028 0.0390625 0.0513889 0.78768
2 0.498828 0.775694 0.0679687 0.134722 0.802981
2 0.780078 0.8375 0.121094 0.175 0.810429
5 0.336328 0.759028 0.128906 0.359722 0.81106
2 0.54375 0.597917 0.04375 0.0791667 0.832728
2 0.585547 0.702778 0.0679687 0.102778 0.834097
