2 0.670703 0.491667 0.0382813 0.0444444 0.252239
2 0.762109 0.503472 0.0460938 0.0458333 0.252629
2 0.497266 0.447917 0.0179687 0.0263889 0.25969
7 0.473047 0.634028 0.0648438 0.168056 0.263172
2 0.472656 0.633333 0.0640625 0.166667 0.281774
2 0.452344 0.51875 0.03125 0.0486111 0.283277
2 0.493359 0.497917 0.0273438 0.0430556 0.31562
5 0.472266 0.63125 0.0632813 0.173611 0.326505
2 0.592578 0.571528 0.0460938 0.0736111 0.356194
2 0.539453 0.498611 0.0273438 0.0361111 0.367828
7 0.810938 0.870833 0.132812 0.236111 0.453469
2 0.519141 0.550694 0.0335938 0.0541667 0.490077
2 0.378125 0.720139 0.06875 0.134722 0.59877
2 0.898438 0.597222 0.053125 0.0666667 0.617861
2 0.909766 0.704167 0.0804688 0.1 0.694377
2 0.625781 0.622222 0.053125 0.075 0.695054
2 0.548828 0.630556 0.0507812 0.0805556 0.696751
2 0.769531 0.563889 0.0546875 0.0527778 0.740877
2 0.677734 0.89375 0.132031 0.206944 0.809383
5 0.38125 0.564583 0.06875 0.168056 0.814188
2 0.500781 0.866667 0.0875 0.191667 0.856895
2 0.691406 0.723611 0.08125 0.119444 0.865275
