2 0.407031 0.498611 0.0234375 0.0305556 0.306396
2 0.501953 0.511806 0.0289063 0.0486111 0.361349
2 0.441016 0.520139 0.0304688 0.0625 0.415035
2 0.557031 0.539583 0.03125 0.0319444 0.415954
2 0.708203 0.536111 0.0382813 0.0416667 0.448876
2 0.703125 0.965972 0.107813 0.0625 0.618666
2 0.396094 0.563889 0.034375 0.0527778 0.641365
2 0.579297 0.583333 0.0335938 0.0472222 0.645135
2 0.740234 0.802778 0.113281 0.177778 0.675159
2 0.897656 0.623611 0.071875 0.0555556 0.67879
2 0.651172 0.654861 0.0617188 0.0875 0.685124
2 0.898438 0.727083 0.0890625 0.0986111 0.704659
2 0.526563 0.582639 0.040625 0.0652778 0.707784
5 0.631641 0.345139 0.139844 0.0763889 0.73247
2 0.4625 0.610417 0.0421875 0.0736111 0.769644
2 0.365234 0.693056 0.0585938 0.108333 0.769738
2 0.314063 0.910417 0.0984375 0.173611 0.802702
2 0.484766 0.902083 0.0945313 0.181944 0.831119
2 0.573438 0.734722 0.071875 0.119444 0.858051
