5 0.666016 0.397917 0.0804688 0.0402778 0.251632
2 0.725781 0.580556 0.05625 0.0777778 0.263854
2 0.491016 0.497222 0.0242187 0.0361111 0.299834
2 0.732813 0.529861 0.0421875 0.0402778 0.332398
2 0.536328 0.511806 0.0226563 0.0291667 0.333227
2 0.441406 0.5 0.021875 0.0333333 0.386427
2 0.409375 0.530556 0.028125 0.0416667 0.446442
2 0.49375 0.924306 0.1125 0.140278 0.477845
2 0.510938 0.542361 0.0296875 0.0458333 0.538634
2 0.554297 0.542361 0.0273438 0.0375 0.590053
2 0.458594 0.551389 0.0265625 0.0527778 0.639626
2 0.598828 0.584722 0.0398437 0.0555556 0.663901
2 0.394141 0.607639 0.0382813 0.0708333 0.749137
2 0.368359 0.723611 0.0585938 0.105556 0.761668
2 0.879297 0.710417 0.0945313 0.0847222 0.7649
2 0.534766 0.610417 0.0414063 0.0625 0.770378
2 0.585547 0.720139 0.0695312 0.115278 0.781402
2 0.640625 0.658333 0.0640625 0.0805556 0.800572
2 0.476562 0.686111 0.05 0.0972222 0.801391
