2 0.547656 0.522917 0.028125 0.0375 0.278801
7 0.409766 0.483333 0.0351562 0.105556 0.399665
2 0.496484 0.516667 0.0273438 0.0472222 0.404135
2 0.459766 0.547917 0.0289063 0.0597222 0.501316
2 0.757031 0.516667 0.0390625 0.0388889 0.618903
2 0.584375 0.565972 0.040625 0.0652778 0.657661
2 0.519531 0.554861 0.0328125 0.0486111 0.700494
2 0.343359 0.814583 0.0835937 0.143056 0.741896
2 0.391406 0.629167 0.046875 0.0861111 0.772332
2 0.473828 0.624306 0.0460938 0.0791667 0.804084
2 0.659375 0.66875 0.0640625 0.0847222 0.861177
2 0.585938 0.720833 0.0703125 0.102778 0.861728
2 0.476953 0.813889 0.0789063 0.158333 0.862353
2 0.762109 0.836111 0.114844 0.161111 0.871059
