25 0.0179687 0.752778 0.0359375 0.102778 0.312612
2 0.545313 0.520139 0.0265625 0.0347222 0.380049
2 0.7375 0.591667 0.053125 0.0472222 0.417342
2 0.565234 0.55625 0.0304688 0.0458333 0.430705
2 0.441406 0.506944 0.025 0.0472222 0.494037
2 0.405078 0.542361 0.0320312 0.0458333 0.545328
5 0.497656 0.3375 0.135937 0.0666667 0.650637
2 0.460938 0.579861 0.034375 0.0513889 0.652524
2 0.517187 0.558333 0.0328125 0.0527778 0.691348
2 0.629297 0.83125 0.0945313 0.170833 0.713577
2 0.824609 0.617361 0.0632813 0.0597222 0.729867
2 0.617969 0.607639 0.0484375 0.0680556 0.732315
2 0.348828 0.795139 0.0726563 0.131944 0.747112
2 0.678125 0.706944 0.08125 0.116667 0.755421
2 0.551562 0.656944 0.0515625 0.0833333 0.758235
2 0.38125 0.644444 0.0484375 0.0861111 0.759361
2 0.480859 0.764583 0.0664062 0.126389 0.830999
