2 0.489453 0.465972 0.0210938 0.0263889 0.286037
2 0.461328 0.479167 0.0195312 0.025 0.318999
2 0.445703 0.554167 0.0304688 0.05 0.439511
2 0.783203 0.883333 0.139844 0.213889 0.528945
2 0.425 0.4875 0.025 0.0361111 0.584073
7 0.782422 0.883333 0.139844 0.211111 0.613421
2 0.510547 0.497222 0.0242187 0.0333333 0.622095
2 0.744922 0.595139 0.0585938 0.0597222 0.691199
2 0.553906 0.540278 0.034375 0.05 0.708209
2 0.760938 0.538889 0.05 0.05 0.727562
2 0.635156 0.674306 0.06875 0.0902778 0.735309
2 0.379687 0.539583 0.034375 0.0569444 0.743407
2 0.447266 0.605556 0.0414063 0.0666667 0.750904
2 0.515625 0.592361 0.046875 0.0708333 0.823863
2 0.600391 0.780556 0.0976562 0.169444 0.824481
2 0.337891 0.802083 0.0789063 0.168056 0.844229
2 0.356641 0.644444 0.0492188 0.0805556 0.851645
2 0.895312 0.660417 0.090625 0.0875 0.873969
