2 0.458203 0.477778 0.0179687 0.025 0.272988
2 0.396094 0.506944 0.0296875 0.0777778 0.28718
5 0.651172 0.395139 0.0882813 0.0375 0.312536
2 0.529297 0.578472 0.0648438 0.0597222 0.314669
2 0.494531 0.479861 0.01875 0.0319444 0.321966
2 0.433984 0.502778 0.0226563 0.0333333 0.387639
2 0.533203 0.521528 0.0242187 0.0375 0.476248
2 0.487891 0.522917 0.0273438 0.0347222 0.506041
2 0.812109 0.620833 0.0617188 0.0583333 0.570091
2 0.440625 0.559028 0.03125 0.0486111 0.572957
2 0.644141 0.515972 0.0304688 0.0375 0.574695
2 0.560547 0.560417 0.0335938 0.0486111 0.619736
2 0.698828 0.763889 0.0867188 0.122222 0.679201
2 0.324219 0.873611 0.09375 0.169444 0.685757
2 0.719531 0.586806 0.0515625 0.0569444 0.706725
2 0.480078 0.821528 0.0710938 0.148611 0.745016
2 0.365234 0.697222 0.0585938 0.105556 0.783638
2 0.456641 0.613889 0.0445312 0.0722222 0.784403
2 0.516406 0.588889 0.0359375 0.0555556 0.804179
2 0.594531 0.627778 0.05 0.075 0.831266
2 0.38125 0.613889 0.0375 0.0638889 0.833991
