25 0.021875 0.733333 0.04375 0.102778 0.279502
7 0.329297 0.958333 0.0992187 0.0777778 0.313927
2 0.818359 0.55 0.0460938 0.0555556 0.329069
2 0.527734 0.48125 0.0242187 0.0347222 0.353782
9 0.81875 0.550694 0.0453125 0.0513889 0.390314
2 0.449219 0.490278 0.0234375 0.0333333 0.456538
2 0.462109 0.539583 0.0351562 0.0458333 0.471257
7 0.512891 0.852083 0.121094 0.279167 0.506301
2 0.505469 0.520139 0.028125 0.0430556 0.547274
2 0.617578 0.603472 0.0492188 0.0791667 0.551671
2 0.528125 0.565278 0.0359375 0.0694444 0.645605
2 0.578516 0.540972 0.0335938 0.0486111 0.654707
2 0.655078 0.657639 0.0664062 0.0902778 0.72836
2 0.469922 0.588889 0.0367187 0.0666667 0.772996
2 0.563281 0.646528 0.053125 0.0791667 0.787162
2 0.489453 0.680556 0.0539063 0.0805556 0.804257
2 0.659375 0.903472 0.1125 0.1875 0.841998
2 0.742578 0.785417 0.102344 0.151389 0.84926
5 0.354688 0.677778 0.109375 0.280556 0.849736
