2 0.514844 0.472917 0.0234375 0.0263889 0.267981
2 0.396484 0.665972 0.0429688 0.0875 0.297287
2 0.404297 0.585417 0.0335938 0.0486111 0.307216
2 0.719141 0.56875 0.0539063 0.0513889 0.351719
25 0.025 0.745833 0.05 0.108333 0.358656
2 0.501953 0.505556 0.0257812 0.0305556 0.383632
7 0.316406 0.799306 0.15625 0.373611 0.429742
2 0.460156 0.515972 0.0265625 0.0402778 0.471559
7 0.816406 0.8875 0.1375 0.197222 0.499018
5 0.315625 0.799306 0.153125 0.379167 0.511374
2 0.546484 0.503472 0.0257812 0.0375 0.540507
2 0.817187 0.888889 0.1375 0.197222 0.567701
2 0.632422 0.622917 0.0585938 0.0847222 0.587354
2 0.677344 0.688889 0.071875 0.105556 0.617187
2 0.524609 0.563889 0.0367187 0.05 0.63493
2 0.471484 0.576389 0.0382813 0.0583333 0.660486
2 0.595703 0.56875 0.0414063 0.0569444 0.715251
2 0.48125 0.649306 0.046875 0.0847222 0.759899
2 0.553516 0.620833 0.0507812 0.0888889 0.819897
2 0.507812 0.855556 0.0796875 0.169444 0.854056
2 0.602344 0.747917 0.075 0.118056 0.859189
