2 0.382422 0.486111 0.0226563 0.0388889 0.25065
2 0.44375 0.545833 0.0296875 0.0444444 0.275867
2 0.6125 0.459722 0.0296875 0.0333333 0.297987
2 0.458594 0.475694 0.021875 0.0208333 0.320254
2 0.789062 0.553472 0.0546875 0.0513889 0.371596
2 0.658984 0.534028 0.0351562 0.0375 0.473217
7 0.753125 0.835417 0.123438 0.190278 0.495223
2 0.423047 0.478472 0.0289063 0.0402778 0.529766
2 0.506641 0.493056 0.0242187 0.0333333 0.580578
2 0.751562 0.836806 0.126563 0.190278 0.585562
2 0.379297 0.530556 0.0335938 0.0527778 0.645725
2 0.548047 0.531944 0.0320312 0.0472222 0.64959
2 0.786719 0.625694 0.071875 0.0708333 0.657268
2 0.585938 0.74375 0.084375 0.145833 0.690115
2 0.623438 0.653472 0.0625 0.0847222 0.725857
2 0.510156 0.581944 0.0421875 0.0611111 0.770518
2 0.445703 0.588889 0.0414063 0.0722222 0.776804
2 0.342578 0.774306 0.0757812 0.154167 0.808608
2 0.358594 0.628472 0.0453125 0.0763889 0.864766
2 0.952734 0.704167 0.0945313 0.105556 0.869026
