2 0.41875 0.473611 0.01875 0.0305556 0.279209
2 0.452734 0.464583 0.0242187 0.0347222 0.302334
2 0.436719 0.536111 0.0328125 0.0361111 0.306496
2 0.508203 0.498611 0.0289063 0.0361111 0.439258
7 0.3 0.889583 0.103125 0.204167 0.452314
2 0.478125 0.503472 0.028125 0.0430556 0.457626
2 0.3875 0.526389 0.0328125 0.05 0.465279
2 0.300391 0.890278 0.102344 0.205556 0.487567
2 0.535547 0.528472 0.0335938 0.0430556 0.550034
2 0.435156 0.584722 0.040625 0.075 0.721713
2 0.582422 0.592361 0.0445312 0.0597222 0.726951
2 0.508203 0.559722 0.0382813 0.0611111 0.750411
2 0.966016 0.727083 0.0679687 0.115278 0.769929
2 0.790234 0.86875 0.133594 0.193056 0.773226
2 0.621875 0.672222 0.059375 0.0888889 0.793773
2 0.365234 0.640972 0.0476562 0.0763889 0.851309
2 0.561719 0.705556 0.0703125 0.116667 0.867181
2 0.461719 0.779861 0.0703125 0.151389 0.868225
