2 0.482422 0.629861 0.0539063 0.0486111 0.288495
2 0.6125 0.597917 0.0421875 0.0708333 0.297483
2 0.771875 0.50625 0.0390625 0.0375 0.308982
2 0.445703 0.48125 0.0242187 0.0347222 0.315362
2 0.457422 0.522222 0.0320312 0.05 0.394827
2 0.496875 0.509722 0.021875 0.0388889 0.409003
2 0.519531 0.474306 0.021875 0.0319444 0.461173
2 0.500391 0.797917 0.100781 0.309722 0.485172
25 0.0207031 0.732639 0.0414063 0.104167 0.502007
2 0.568359 0.532639 0.0320312 0.0430556 0.512995
2 0.51875 0.54375 0.034375 0.0625 0.620019
2 0.644141 0.645139 0.0664062 0.0902778 0.696613
2 0.550391 0.618056 0.0476562 0.075 0.720154
2 0.463672 0.572222 0.0351562 0.0555556 0.753772
2 0.725 0.7625 0.096875 0.141667 0.822766
2 0.944531 0.619444 0.084375 0.075 0.880843
5 0.365234 0.642361 0.0929687 0.248611 0.884175
2 0.342969 0.908333 0.107813 0.180556 0.892168
2 0.614062 0.791667 0.0875 0.147222 0.894109
