7 0.451172 0.479167 0.0289063 0.0777778 0.27076
7 0.409375 0.479167 0.0375 0.0916667 0.280837
2 0.462891 0.538889 0.0304688 0.0388889 0.303261
2 0.545313 0.511111 0.0296875 0.0388889 0.321782
2 0.509766 0.51875 0.0289063 0.0347222 0.361995
7 0.636328 0.628472 0.0585938 0.0986111 0.379718
2 0.903125 0.970139 0.151562 0.0541667 0.391713
2 0.662891 0.472917 0.0273438 0.0319444 0.401281
2 0.637891 0.629861 0.0570313 0.0958333 0.443077
2 0.910156 0.602083 0.0421875 0.0652778 0.462242
2 0.409766 0.543056 0.0335938 0.0583333 0.507274
2 0.695703 0.51875 0.0382813 0.0402778 0.543269
2 0.584375 0.565972 0.0390625 0.0569444 0.550929
2 0.523438 0.570833 0.0375 0.0638889 0.587758
2 0.731641 0.572917 0.0539063 0.0625 0.598762
2 0.470313 0.608333 0.0375 0.0777778 0.634852
2 0.826953 0.606944 0.0585938 0.0583333 0.641405
2 0.3875 0.622917 0.0421875 0.0597222 0.72372
2 0.55625 0.633333 0.04375 0.075 0.746382
2 0.967969 0.610417 0.0640625 0.0625 0.75765
2 0.4875 0.7375 0.0671875 0.136111 0.759313
2 0.36875 0.715278 0.0640625 0.122222 0.781827
2 0.758594 0.803472 0.10625 0.151389 0.799316
