2 0.416406 0.465278 0.025 0.0305556 0.322499
2 0.521875 0.503472 0.025 0.0375 0.373084
2 0.383594 0.488889 0.028125 0.0722222 0.413063
2 0.453906 0.952083 0.09375 0.0902778 0.524037
2 0.644531 0.495139 0.0328125 0.0375 0.587004
2 0.489062 0.533333 0.0328125 0.0472222 0.587278
2 0.575391 0.582639 0.0429688 0.0569444 0.599716
2 0.870703 0.70625 0.0710938 0.0708333 0.606869
2 0.712109 0.506944 0.0445312 0.0472222 0.653352
2 0.533203 0.619444 0.0539063 0.0861111 0.753871
2 0.435937 0.535417 0.03125 0.0569444 0.76045
2 0.644531 0.679861 0.0734375 0.106944 0.783117
2 0.841406 0.934722 0.153125 0.125 0.789128
2 0.365234 0.669444 0.0539063 0.1 0.791807
2 0.464063 0.797917 0.075 0.145833 0.817272
2 0.369922 0.56875 0.0351562 0.0541667 0.826255
2 0.649609 0.891667 0.136719 0.211111 0.869837
