2 0.454297 0.46875 0.0226563 0.0375 0.256533
2 0.377344 0.493056 0.021875 0.0333333 0.265115
2 0.479297 0.459028 0.0210938 0.0319444 0.289691
2 0.525781 0.555556 0.0609375 0.0694444 0.37253
7 0.271875 0.953472 0.0984375 0.0930556 0.41806
2 0.513281 0.504167 0.03125 0.0333333 0.466854
2 0.436328 0.56875 0.0414063 0.0680556 0.481468
2 0.814453 0.602083 0.0804688 0.0819444 0.517841
2 0.480078 0.509722 0.0304688 0.0472222 0.580438
2 0.543359 0.540278 0.0351562 0.0555556 0.614824
2 0.382422 0.545833 0.0320312 0.05 0.641468
2 0.888672 0.944444 0.166406 0.108333 0.67104
2 0.433984 0.618056 0.0460938 0.0861111 0.676458
2 0.905859 0.633333 0.0804688 0.0722222 0.75483
2 0.513672 0.581944 0.0429688 0.0777778 0.764166
2 0.352734 0.674306 0.0539063 0.0930556 0.790914
2 0.903906 0.725694 0.115625 0.1125 0.808299
2 0.599219 0.61875 0.0546875 0.0736111 0.813634
2 0.465234 0.904861 0.0960938 0.184722 0.867584
2 0.596484 0.807639 0.0929687 0.170833 0.874184
2 0.657422 0.732639 0.0789063 0.1125 0.879414
