2 0.527734 0.634722 0.133594 0.0833333 0.260389
2 0.599609 0.56875 0.0414063 0.0680556 0.354857
2 0.745703 0.772222 0.103906 0.186111 0.419922
7 0.464453 0.538889 0.0398437 0.102778 0.44136
2 0.894531 0.945833 0.160938 0.102778 0.44542
2 0.51875 0.539583 0.03125 0.0513889 0.478193
7 0.746094 0.770833 0.101562 0.183333 0.525898
2 0.718359 0.522222 0.0460938 0.0444444 0.572556
2 0.99375 0.713889 0.0125 0.0583333 0.620103
2 0.400391 0.610417 0.0476562 0.0847222 0.638573
5 0.398828 0.510417 0.0492188 0.118056 0.662207
2 0.566797 0.632639 0.0554687 0.0847222 0.684955
2 0.342969 0.784722 0.0828125 0.15 0.725101
2 0.844922 0.63125 0.0804688 0.0708333 0.729021
2 0.658984 0.6625 0.0695312 0.1 0.748117
2 0.485547 0.645833 0.0539063 0.0916667 0.757385
2 0.490625 0.829861 0.075 0.179167 0.765288
2 0.602344 0.793056 0.09375 0.166667 0.828591
2 0.944531 0.624306 0.084375 0.0680556 0.848777
