2 0.445312 0.552083 0.0328125 0.0513889 0.337085
2 0.460156 0.477778 0.021875 0.025 0.368461
2 0.423438 0.481944 0.028125 0.0388889 0.470123
7 0.767187 0.858333 0.129688 0.202778 0.511878
2 0.508984 0.495139 0.0257812 0.0319444 0.587497
2 0.767578 0.858333 0.130469 0.205556 0.602604
2 0.551172 0.536806 0.0335938 0.0486111 0.603166
2 0.764453 0.613194 0.0679687 0.0625 0.639805
2 0.776172 0.545139 0.0523437 0.0513889 0.644945
2 0.379297 0.534722 0.0335938 0.0555556 0.679346
2 0.628516 0.6625 0.0664062 0.0888889 0.692708
2 0.446875 0.6 0.0421875 0.0666667 0.738118
2 0.5125 0.5875 0.04375 0.0694444 0.751405
2 0.341016 0.7875 0.0789063 0.158333 0.813087
2 0.594922 0.765278 0.0914062 0.155556 0.834031
2 0.926953 0.683333 0.100781 0.0972222 0.840972
2 0.357422 0.636806 0.0492188 0.0791667 0.855378
