2 0.714453 0.550694 0.0414063 0.0458333 0.452338
2 0.966016 0.797917 0.0679687 0.0680556 0.512101
2 0.459766 0.559722 0.0304688 0.0555556 0.578944
2 0.400391 0.583333 0.0351562 0.0611111 0.594896
2 0.346875 0.832639 0.0875 0.173611 0.627779
2 0.592969 0.588194 0.0390625 0.0569444 0.686815
2 0.905078 0.591667 0.0335938 0.05 0.713602
2 0.53125 0.595139 0.0375 0.0541667 0.743411
2 0.642969 0.666667 0.0609375 0.0777778 0.763263
2 0.461719 0.655556 0.0453125 0.0833333 0.790174
2 0.785937 0.593056 0.0578125 0.0611111 0.79778
2 0.38125 0.691667 0.05 0.0861111 0.814984
2 0.481641 0.763889 0.0710938 0.144444 0.815124
2 0.722656 0.833333 0.110937 0.152778 0.868729
2 0.596484 0.784028 0.0789063 0.129167 0.88047
