7 0.445312 0.46875 0.0296875 0.0597222 0.265488
2 0.711719 0.499306 0.0328125 0.0347222 0.330455
2 0.55625 0.534722 0.028125 0.0361111 0.359574
2 0.502344 0.53125 0.0296875 0.0430556 0.416439
7 0.409375 0.484028 0.034375 0.0986111 0.447165
7 0.324219 0.875694 0.0953125 0.170833 0.502797
2 0.788672 0.552778 0.0476562 0.0472222 0.518393
2 0.460938 0.559028 0.03125 0.0597222 0.53051
2 0.526172 0.569444 0.0351562 0.0555556 0.548271
2 0.324219 0.874306 0.096875 0.168056 0.556574
2 0.388672 0.640278 0.0492188 0.1 0.604096
2 0.596484 0.58125 0.0414063 0.0708333 0.627483
2 0.607813 0.776389 0.0828125 0.127778 0.742996
2 0.476562 0.642361 0.05 0.0875 0.743622
2 0.922266 0.675 0.0914062 0.075 0.821549
2 0.479688 0.886806 0.090625 0.190278 0.833623
2 0.675781 0.69375 0.071875 0.0958333 0.849363
2 0.798828 0.890972 0.138281 0.1875 0.887026
