7 0.313672 0.852083 0.0898438 0.170833 0.251128
2 0.379687 0.488194 0.021875 0.0430556 0.324213
2 0.546094 0.548611 0.03125 0.0444444 0.353761
2 0.407813 0.456944 0.0234375 0.0277778 0.376916
2 0.471875 0.5125 0.028125 0.0388889 0.474076
2 0.64375 0.525694 0.040625 0.0430556 0.485613
2 0.505859 0.569444 0.0382813 0.0611111 0.573635
2 0.312891 0.852778 0.0898438 0.169444 0.619152
2 0.427344 0.510417 0.028125 0.0486111 0.633613
2 0.448047 0.670833 0.0539063 0.0888889 0.647027
2 0.871875 0.588194 0.0390625 0.0569444 0.661675
2 0.371875 0.538889 0.028125 0.0444444 0.737056
2 0.446094 0.806944 0.0828125 0.191667 0.760551
2 0.591406 0.613889 0.0546875 0.075 0.78882
2 0.374609 0.618056 0.0414063 0.0777778 0.791758
2 0.564844 0.717361 0.0765625 0.143056 0.810493
2 0.742969 0.568056 0.0515625 0.0527778 0.825586
2 0.705469 0.775694 0.101562 0.1375 0.829671
