2 0.466406 0.486806 0.021875 0.0236111 0.319879
2 0.495703 0.474306 0.0226563 0.0319444 0.35272
2 0.448047 0.573611 0.0335938 0.0527778 0.367218
2 0.518359 0.511806 0.0289063 0.0347222 0.530319
2 0.425781 0.490278 0.0296875 0.0416667 0.538926
2 0.813672 0.604167 0.0757812 0.0638889 0.569881
2 0.689844 0.557639 0.0484375 0.0513889 0.603233
2 0.717969 0.513194 0.0421875 0.0402778 0.635501
2 0.563672 0.559722 0.0367187 0.0527778 0.726203
2 0.451953 0.631944 0.0492188 0.0833333 0.726778
2 0.377344 0.554167 0.0375 0.0638889 0.731243
2 0.633984 0.85625 0.119531 0.218056 0.765546
2 0.326953 0.86875 0.0945313 0.201389 0.783863
2 0.659375 0.710417 0.0796875 0.106944 0.811377
2 0.525391 0.617361 0.0507812 0.0819444 0.836942
2 0.353516 0.670139 0.0523437 0.0902778 0.847457
2 0.837891 0.922222 0.157031 0.15 0.87176
