7 0.465234 0.556944 0.0460938 0.122222 0.296483
7 0.7625 0.797917 0.107813 0.195833 0.344845
2 0.8125 0.553472 0.0546875 0.0486111 0.379887
5 0.465234 0.555556 0.0445312 0.116667 0.430547
2 0.574219 0.534722 0.0359375 0.0555556 0.441269
2 0.662891 0.484722 0.0335938 0.0416667 0.476405
2 0.7625 0.799306 0.107813 0.201389 0.476651
2 0.908984 0.964583 0.142969 0.0652778 0.518113
2 0.606641 0.585417 0.0429688 0.0625 0.584045
2 0.736719 0.549306 0.0484375 0.0458333 0.584409
2 0.862891 0.613889 0.0757812 0.0638889 0.67644
2 0.525391 0.560417 0.0367187 0.0541667 0.696222
2 0.393359 0.63125 0.0507812 0.0986111 0.719866
2 0.325781 0.845833 0.0953125 0.177778 0.736026
5 0.392969 0.522917 0.053125 0.134722 0.762101
2 0.497266 0.903472 0.0882813 0.181944 0.802055
2 0.666797 0.683333 0.0742188 0.102778 0.820345
2 0.488281 0.68125 0.05625 0.104167 0.821904
2 0.583203 0.679167 0.0679687 0.105556 0.830208
2 0.648828 0.905556 0.127344 0.188889 0.87956
