9 0.810156 0.555556 0.0859375 0.0638889 0.25855
2 0.790625 0.629167 0.0734375 0.0555556 0.262613
2 0.666016 0.538889 0.0289063 0.0361111 0.268617
9 0.58125 0.459722 0.009375 0.0361111 0.297814
2 0.791797 0.554861 0.0476562 0.0541667 0.313716
2 0.458203 0.475 0.0210938 0.0222222 0.322652
2 0.613672 0.459722 0.0304688 0.0333333 0.332426
7 0.749219 0.827778 0.120312 0.191667 0.535353
2 0.423047 0.479167 0.0273438 0.0388889 0.553296
2 0.747656 0.829167 0.123438 0.191667 0.570308
2 0.585547 0.741667 0.0835937 0.141667 0.600365
2 0.505859 0.492361 0.0257812 0.0347222 0.607035
2 0.378906 0.529167 0.0328125 0.0527778 0.672136
2 0.548047 0.53125 0.0320312 0.0458333 0.683667
2 0.621875 0.651389 0.0625 0.0805556 0.735218
2 0.445312 0.586806 0.040625 0.0708333 0.784535
2 0.510156 0.579861 0.0421875 0.0625 0.798834
2 0.957422 0.711806 0.0851562 0.104167 0.803789
2 0.343359 0.769444 0.0742188 0.152778 0.810469
2 0.359375 0.627778 0.0453125 0.0777778 0.86028
