2 0.470313 0.470833 0.01875 0.0333333 0.269258
2 0.681641 0.501389 0.0289063 0.0361111 0.344771
2 0.524219 0.509722 0.021875 0.0333333 0.39088
2 0.488281 0.507639 0.0234375 0.0375 0.420649
2 0.560547 0.536111 0.0320312 0.0416667 0.46343
2 0.58125 0.556944 0.05 0.0527778 0.473235
2 0.44375 0.509028 0.021875 0.0402778 0.489059
2 0.503906 0.549306 0.0296875 0.0402778 0.594616
2 0.4 0.546528 0.0296875 0.0513889 0.620603
2 0.628516 0.809722 0.0914062 0.172222 0.628005
2 0.352734 0.786806 0.0742188 0.145833 0.69065
2 0.460938 0.581944 0.034375 0.0555556 0.704573
2 0.387891 0.611806 0.0398437 0.0625 0.716657
2 0.531641 0.595833 0.0367187 0.0611111 0.75441
2 0.584766 0.577778 0.0414063 0.0611111 0.791147
2 0.691016 0.742361 0.0773437 0.104167 0.830278
2 0.467578 0.702083 0.0570313 0.1125 0.843422
