2 0.478125 0.668056 0.0703125 0.177778 0.25134
2 0.594531 0.579167 0.040625 0.0722222 0.341666
5 0.477344 0.659028 0.0703125 0.195833 0.365777
7 0.476953 0.661111 0.0695312 0.194444 0.368229
2 0.498047 0.511111 0.0273438 0.0416667 0.380527
2 0.546875 0.508333 0.025 0.0388889 0.422183
2 0.8 0.546528 0.053125 0.0486111 0.472414
2 0.455469 0.535417 0.0328125 0.0513889 0.473414
2 0.527734 0.567361 0.0351562 0.0569444 0.58038
2 0.796094 0.621528 0.0703125 0.0708333 0.634406
2 0.719141 0.529167 0.0414063 0.0416667 0.648241
2 0.835156 0.890278 0.145313 0.208333 0.697564
2 0.629687 0.627778 0.0578125 0.0805556 0.710968
2 0.373047 0.756944 0.0726563 0.141667 0.723887
2 0.560938 0.659722 0.059375 0.0888889 0.779424
2 0.973047 0.61875 0.0539063 0.0513889 0.782222
5 0.378516 0.580556 0.0726563 0.186111 0.802387
2 0.698438 0.734028 0.0875 0.131944 0.80341
2 0.713281 0.943056 0.135937 0.108333 0.814641
2 0.507422 0.920833 0.0976562 0.155556 0.851557
