2 0.617578 0.503472 0.0257812 0.0319444 0.25957
2 0.465234 0.486111 0.0226563 0.025 0.304014
2 0.494922 0.474306 0.0226563 0.0319444 0.320279
2 0.447656 0.570139 0.034375 0.0513889 0.374903
2 0.517187 0.509028 0.0265625 0.0347222 0.442379
2 0.425781 0.491667 0.0296875 0.0388889 0.480837
2 0.69375 0.561806 0.05625 0.0541667 0.642028
2 0.725391 0.516667 0.0429688 0.0472222 0.652385
2 0.377734 0.552083 0.0367187 0.0625 0.708797
2 0.327344 0.85625 0.0921875 0.201389 0.71526
2 0.823438 0.615278 0.071875 0.0638889 0.722031
2 0.451172 0.629861 0.0492188 0.0791667 0.732925
2 0.560938 0.555556 0.0359375 0.0527778 0.741403
2 0.655859 0.703472 0.0773437 0.101389 0.836564
2 0.354297 0.665278 0.0507812 0.0916667 0.84851
2 0.523438 0.613889 0.0515625 0.0777778 0.861185
2 0.83125 0.918056 0.15625 0.163889 0.864364
2 0.628906 0.845139 0.115625 0.206944 0.868483
