2 0.506641 0.459028 0.0179687 0.0291667 0.308895
2 0.600781 0.584028 0.0484375 0.0763889 0.349718
2 0.439063 0.463194 0.025 0.0319444 0.379473
2 0.480078 0.690972 0.0695312 0.2125 0.446154
2 0.503906 0.517361 0.0296875 0.0486111 0.528204
2 0.747266 0.579861 0.0570313 0.0625 0.543569
2 0.551172 0.514583 0.0273438 0.0402778 0.546834
2 0.459766 0.54375 0.0335938 0.0541667 0.561649
7 0.48125 0.688889 0.0734375 0.194444 0.586311
2 0.532812 0.58125 0.0390625 0.0597222 0.640924
2 0.858984 0.903472 0.155469 0.193056 0.649248
2 0.753906 0.520139 0.040625 0.0430556 0.659354
2 0.511719 0.956944 0.103125 0.0722222 0.681911
2 0.634766 0.634722 0.0585938 0.0833333 0.764142
2 0.569141 0.684028 0.0617188 0.0986111 0.814142
2 0.70625 0.742361 0.0875 0.134722 0.841602
2 0.367969 0.789583 0.0859375 0.156944 0.844859
5 0.376563 0.595139 0.078125 0.198611 0.849641
2 0.914062 0.582639 0.059375 0.0541667 0.856562
