2 0.528906 0.573611 0.0796875 0.0638889 0.274338
2 0.623047 0.510417 0.0351562 0.0347222 0.284451
7 0.301172 0.904167 0.100781 0.183333 0.312045
2 0.410937 0.459722 0.0234375 0.0277778 0.322905
2 0.506641 0.493056 0.0242187 0.0333333 0.368245
2 0.38125 0.484722 0.0234375 0.0666667 0.371843
2 0.553906 0.556944 0.0359375 0.0527778 0.435397
2 0.301562 0.904861 0.1 0.181944 0.471388
2 0.477734 0.516667 0.0289063 0.0416667 0.525169
2 0.371484 0.548611 0.0320312 0.0444444 0.64499
2 0.430078 0.515972 0.0304688 0.0569444 0.664552
2 0.740234 0.824306 0.116406 0.159722 0.675882
2 0.5125 0.582639 0.04375 0.0680556 0.693051
2 0.449219 0.867361 0.090625 0.231944 0.733786
2 0.373437 0.633333 0.04375 0.0805556 0.753509
2 0.453906 0.7 0.05625 0.0972222 0.777478
2 0.707031 0.541667 0.04375 0.0416667 0.793081
2 0.60625 0.634028 0.05625 0.0791667 0.801432
2 0.583594 0.761111 0.0875 0.163889 0.855569
