2 0.415625 0.461111 0.025 0.0277778 0.271486
2 0.518359 0.500694 0.0257812 0.0347222 0.296832
2 0.383203 0.488889 0.0273438 0.0611111 0.397251
7 0.282813 0.954167 0.101562 0.0888889 0.453272
2 0.485938 0.525694 0.03125 0.0486111 0.470934
2 0.660937 0.505556 0.0359375 0.0361111 0.564425
2 0.953516 0.766667 0.0710938 0.0861111 0.568297
2 0.570312 0.571528 0.040625 0.0541667 0.586335
2 0.735937 0.520139 0.0484375 0.0486111 0.640436
2 0.434766 0.529861 0.0304688 0.0513889 0.709455
2 0.455078 0.920833 0.0960938 0.15 0.749464
2 0.526563 0.609028 0.0515625 0.0736111 0.795796
2 0.370703 0.561111 0.0335938 0.0527778 0.815525
2 0.36875 0.659028 0.05 0.0930556 0.820579
2 0.817578 0.913194 0.160156 0.173611 0.832882
2 0.460547 0.767361 0.0679687 0.129167 0.843533
2 0.633203 0.663889 0.0710938 0.0972222 0.846198
2 0.625781 0.859722 0.11875 0.225 0.87589
