2 0.442578 0.546528 0.0335938 0.0541667 0.263175
2 0.633594 0.467361 0.03125 0.0375 0.39541
2 0.423047 0.477083 0.0242187 0.0291667 0.425765
2 0.714453 0.781944 0.103906 0.161111 0.507071
2 0.500781 0.484722 0.025 0.0333333 0.544839
2 0.863672 0.590278 0.0398437 0.0611111 0.550673
7 0.714844 0.780556 0.104687 0.161111 0.560269
2 0.880469 0.704861 0.1 0.0986111 0.643583
2 0.541016 0.520833 0.0304688 0.0444444 0.672282
2 0.569141 0.7 0.0726563 0.122222 0.692865
2 0.607031 0.629167 0.059375 0.0777778 0.694368
2 0.382422 0.518056 0.0304688 0.0555556 0.709577
2 0.475391 0.953472 0.0929687 0.0875 0.728305
2 0.351562 0.738194 0.0671875 0.134722 0.753561
2 0.442187 0.571528 0.0375 0.0625 0.801395
2 0.504297 0.565278 0.0382813 0.0611111 0.822979
2 0.361719 0.610417 0.04375 0.0708333 0.827042
