2 0.538281 0.513889 0.021875 0.0277778 0.322019
2 0.716016 0.519444 0.0382813 0.0416667 0.372968
2 0.492578 0.498611 0.0242187 0.0361111 0.415288
2 0.410156 0.534028 0.03125 0.0402778 0.419922
2 0.441016 0.502778 0.0226563 0.0416667 0.449599
2 0.490234 0.942361 0.0945313 0.104167 0.489499
2 0.557813 0.547222 0.025 0.0361111 0.501587
2 0.5125 0.546528 0.0296875 0.0458333 0.569389
2 0.835547 0.670833 0.0695312 0.0555556 0.626081
2 0.603516 0.589583 0.0382813 0.0541667 0.673043
2 0.458984 0.559722 0.0289063 0.0472222 0.695708
2 0.59375 0.743056 0.0734375 0.125 0.709094
2 0.364844 0.738194 0.0609375 0.106944 0.739209
2 0.391016 0.617361 0.0398437 0.0708333 0.745842
2 0.649219 0.666667 0.0671875 0.0944444 0.788321
2 0.538281 0.622917 0.0421875 0.0652778 0.799064
2 0.478516 0.703472 0.0507812 0.0986111 0.825567
2 0.965234 0.727083 0.0695312 0.0819444 0.857704
