2 0.451953 0.464583 0.0242187 0.0347222 0.255847
2 0.662109 0.495139 0.0289063 0.0319444 0.258477
7 0.759375 0.821528 0.117188 0.168056 0.293824
2 0.507031 0.495833 0.0328125 0.0444444 0.317181
2 0.391016 0.514583 0.0289063 0.0625 0.366533
7 0.312891 0.85 0.0976562 0.197222 0.369364
5 0.758984 0.821528 0.116406 0.165278 0.38086
2 0.666016 0.979861 0.0804688 0.0402778 0.390469
2 0.477344 0.499306 0.0265625 0.0430556 0.402894
2 0.759766 0.822222 0.117969 0.169444 0.431577
2 0.533594 0.520833 0.0296875 0.0472222 0.525495
2 0.3125 0.849306 0.096875 0.198611 0.647999
2 0.435937 0.570139 0.0375 0.0763889 0.701755
2 0.578516 0.584722 0.0414063 0.0555556 0.722826
2 0.6125 0.652778 0.05625 0.0805556 0.736804
2 0.507422 0.554167 0.0351562 0.0583333 0.769424
2 0.371875 0.627083 0.04375 0.0708333 0.805257
2 0.553125 0.68125 0.0625 0.104167 0.822228
2 0.461719 0.746528 0.0640625 0.126389 0.866524
