2 0.489453 0.475 0.0242187 0.0277778 0.268179
2 0.383594 0.490278 0.028125 0.0777778 0.397422
2 0.863281 0.950694 0.151562 0.0958333 0.453925
2 0.524609 0.50625 0.0210938 0.0375 0.457301
2 0.635156 0.488889 0.03125 0.0333333 0.467432
2 0.697656 0.5 0.040625 0.0444444 0.580939
2 0.579297 0.5875 0.0414063 0.0555556 0.675209
2 0.492188 0.5375 0.0328125 0.05 0.678832
2 0.437109 0.538889 0.0320312 0.0583333 0.760552
2 0.536719 0.627778 0.05625 0.0888889 0.767715
2 0.653516 0.690278 0.0773437 0.116667 0.770359
2 0.36875 0.572222 0.0375 0.0583333 0.815219
2 0.363672 0.679167 0.0554687 0.102778 0.830897
2 0.466406 0.825 0.08125 0.161111 0.840234
2 0.660937 0.904861 0.139062 0.176389 0.889422
