2 0.470313 0.46875 0.021875 0.0291667 0.250602
2 0.494141 0.503472 0.0226563 0.0375 0.254073
2 0.409766 0.486111 0.0242187 0.0333333 0.267659
2 0.676172 0.51875 0.0554687 0.0569444 0.271135
0 0.0167969 0.759028 0.0335938 0.0958333 0.302175
2 0.561719 0.552083 0.0265625 0.0375 0.414419
2 0.542188 0.517361 0.025 0.0319444 0.459496
2 0.777734 0.625694 0.0679687 0.0569444 0.500629
2 0.441016 0.504861 0.0242187 0.0430556 0.506755
2 0.514453 0.551389 0.0304688 0.05 0.533076
2 0.408203 0.536111 0.0304688 0.0416667 0.570708
2 0.460156 0.567361 0.03125 0.0513889 0.664142
2 0.662891 0.679861 0.0726563 0.118056 0.733525
2 0.609375 0.597222 0.0453125 0.0666667 0.736671
2 0.358203 0.765972 0.0695312 0.123611 0.737986
2 0.386719 0.627083 0.04375 0.0847222 0.738825
2 0.894922 0.657639 0.0695312 0.0791667 0.767222
2 0.609766 0.78125 0.0820312 0.145833 0.792059
2 0.478516 0.734028 0.0601562 0.1125 0.811771
2 0.544141 0.639583 0.0460938 0.0763889 0.82599
