2 0.627734 0.630556 0.0617188 0.1 0.25906
25 0.0171875 0.731944 0.034375 0.102778 0.296701
2 0.753516 0.498611 0.0351562 0.0361111 0.307822
2 0.461328 0.530556 0.0351562 0.0472222 0.337347
7 0.504687 0.834722 0.104687 0.325 0.396952
2 0.504687 0.834028 0.104687 0.323611 0.427601
2 0.613281 0.597222 0.0484375 0.075 0.457896
2 0.522266 0.476389 0.0210938 0.0305556 0.483209
2 0.500391 0.5125 0.0226563 0.0388889 0.54897
2 0.571875 0.534722 0.03125 0.0472222 0.556063
2 0.521875 0.550694 0.034375 0.0597222 0.570638
2 0.482812 0.644444 0.0484375 0.0555556 0.593474
2 0.341406 0.920833 0.103125 0.15 0.700324
2 0.903125 0.59375 0.0546875 0.0652778 0.715351
2 0.649219 0.649306 0.0609375 0.0902778 0.721118
2 0.555078 0.628472 0.0492188 0.0708333 0.726109
2 0.465625 0.578472 0.0359375 0.0569444 0.759554
2 0.730469 0.770139 0.1 0.148611 0.863662
5 0.362109 0.653472 0.0960938 0.256944 0.878926
2 0.626562 0.827083 0.09375 0.159722 0.888598
