0 0.611328 0.488889 0.00859375 0.0361111 0.296847
5 0.667188 0.361806 0.075 0.0513889 0.305666
2 0.575781 0.547222 0.0328125 0.05 0.351505
25 0.0136719 0.74375 0.0273438 0.0763889 0.384255
2 0.502344 0.516667 0.028125 0.0361111 0.482417
7 0.459766 0.515278 0.0335938 0.0861111 0.513829
7 0.693359 0.711111 0.0789063 0.136111 0.518588
2 0.476562 0.586806 0.0359375 0.0486111 0.566794
5 0.405859 0.532639 0.0414063 0.156944 0.589554
2 0.333203 0.860417 0.100781 0.201389 0.600751
2 0.535547 0.568056 0.0429688 0.0638889 0.601686
2 0.61875 0.7875 0.0796875 0.147222 0.640128
2 0.479297 0.675 0.0492188 0.125 0.691776
2 0.510547 0.934722 0.105469 0.122222 0.697819
2 0.811328 0.55625 0.0539063 0.0513889 0.707736
2 0.552344 0.644444 0.053125 0.0888889 0.762921
2 0.623047 0.626389 0.0539063 0.075 0.763439
2 0.369531 0.692361 0.059375 0.0986111 0.797456
2 0.844531 0.914583 0.151562 0.165278 0.867241
