7 0.301172 0.971528 0.0945313 0.0513889 0.270966
7 0.408594 0.475 0.034375 0.0972222 0.28522
2 0.490625 0.509028 0.0265625 0.0430556 0.29893
2 0.679297 0.488194 0.0335938 0.0430556 0.304117
2 0.458984 0.538194 0.0289063 0.0513889 0.442239
2 0.512891 0.542361 0.0289063 0.0458333 0.466418
2 0.574609 0.553472 0.0320312 0.0541667 0.505517
2 0.817187 0.545833 0.046875 0.0416667 0.53786
2 0.395312 0.616667 0.0421875 0.0805556 0.72591
2 0.502734 0.935417 0.108594 0.126389 0.74937
2 0.358984 0.764583 0.0726563 0.123611 0.759103
2 0.640625 0.645833 0.05625 0.075 0.788451
2 0.470313 0.606944 0.0421875 0.075 0.797491
2 0.567969 0.676389 0.0609375 0.0861111 0.845251
2 0.957031 0.649306 0.0859375 0.0791667 0.853928
2 0.472656 0.754167 0.06875 0.127778 0.854086
2 0.725781 0.779861 0.101562 0.140278 0.866728
