2 0.499219 0.525694 0.025 0.0402778 0.282212
2 0.451172 0.515278 0.0257812 0.0472222 0.298633
2 0.552734 0.535417 0.0273438 0.0402778 0.390297
2 0.679297 0.521528 0.0382813 0.0458333 0.561284
2 0.462891 0.572222 0.0382813 0.0611111 0.608166
2 0.399219 0.593056 0.0375 0.0611111 0.636902
2 0.789062 0.559722 0.0484375 0.05 0.651125
2 0.334375 0.886806 0.1 0.201389 0.757959
2 0.540234 0.613889 0.0429688 0.0611111 0.76044
2 0.605469 0.603472 0.04375 0.0597222 0.795414
2 0.735937 0.559722 0.046875 0.05 0.798374
2 0.378906 0.704167 0.053125 0.0944444 0.818641
2 0.486719 0.814583 0.0828125 0.173611 0.831344
2 0.6625 0.692361 0.0703125 0.0902778 0.836257
2 0.764844 0.89375 0.134375 0.190278 0.843513
2 0.464453 0.677083 0.0507812 0.0902778 0.851888
2 0.627344 0.860417 0.09375 0.1625 0.869353
