2 0.457812 0.477778 0.0171875 0.0222222 0.257798
2 0.396094 0.505556 0.0296875 0.0777778 0.264981
5 0.648047 0.395139 0.0867188 0.0513889 0.267167
2 0.49375 0.479167 0.01875 0.0333333 0.291689
2 0.524609 0.578472 0.0664062 0.0597222 0.317757
2 0.488672 0.972222 0.0960938 0.05 0.37551
2 0.433984 0.502083 0.0226563 0.0347222 0.384822
2 0.487891 0.521528 0.0273438 0.0347222 0.46595
2 0.532812 0.519444 0.025 0.0361111 0.481964
2 0.440234 0.554861 0.0289063 0.0458333 0.540342
7 0.324219 0.869444 0.0890625 0.169444 0.561354
2 0.326562 0.870833 0.09375 0.166667 0.572941
2 0.646875 0.519444 0.03125 0.0388889 0.579336
2 0.559766 0.557639 0.0320312 0.0486111 0.587363
2 0.827344 0.625694 0.075 0.0597222 0.605558
2 0.724219 0.590972 0.0546875 0.0513889 0.61717
2 0.694141 0.758333 0.0867188 0.116667 0.710687
2 0.479688 0.813889 0.06875 0.144444 0.771715
2 0.455859 0.610417 0.0445312 0.0736111 0.771904
2 0.514453 0.585417 0.0351562 0.0541667 0.772634
2 0.366406 0.694444 0.0578125 0.105556 0.795382
2 0.592578 0.624306 0.0507812 0.0736111 0.817942
2 0.381641 0.6125 0.0367187 0.0611111 0.833707
