2 0.437891 0.552083 0.0289063 0.0430556 0.356992
2 0.433984 0.5 0.0226563 0.0277778 0.36157
2 0.660156 0.528472 0.0296875 0.0375 0.404692
2 0.527734 0.518056 0.0242187 0.0333333 0.510077
7 0.328516 0.854861 0.0851562 0.154167 0.598534
2 0.555859 0.552778 0.0320312 0.0444444 0.614712
2 0.328125 0.852083 0.0859375 0.156944 0.628964
2 0.485547 0.516667 0.0242187 0.0333333 0.632841
2 0.680469 0.957639 0.10625 0.0763889 0.710455
2 0.681641 0.734722 0.0835937 0.111111 0.729245
2 0.511719 0.575 0.034375 0.05 0.72939
2 0.486719 0.95 0.09375 0.0972222 0.755755
2 0.585938 0.614583 0.0453125 0.0652778 0.774837
2 0.453125 0.6 0.0390625 0.0722222 0.790919
2 0.858984 0.645833 0.0820312 0.0694444 0.792791
2 0.752734 0.615278 0.0664062 0.0694444 0.793314
2 0.477734 0.792361 0.0664062 0.131944 0.81847
2 0.383594 0.602778 0.034375 0.0611111 0.826139
2 0.367578 0.686111 0.0554687 0.102778 0.834005
