2 0.762109 0.614583 0.0648438 0.0652778 0.289256
3 0.7625 0.61875 0.059375 0.0625 0.306505
9 0.670703 0.486806 0.0382813 0.0458333 0.325651
2 0.492969 0.479167 0.025 0.0305556 0.346207
2 0.671094 0.486111 0.0375 0.0472222 0.466397
2 0.419922 0.466667 0.0210938 0.0277778 0.496125
2 0.615234 0.475 0.0289063 0.0305556 0.51919
2 0.383594 0.498611 0.0296875 0.0666667 0.605226
2 0.531641 0.510417 0.0273438 0.0375 0.629333
2 0.686328 0.945139 0.132031 0.106944 0.632446
2 0.438281 0.546528 0.034375 0.0652778 0.738669
2 0.673828 0.719444 0.0851562 0.130556 0.771323
2 0.495703 0.546528 0.0351562 0.0513889 0.775467
2 0.548437 0.651389 0.0609375 0.1 0.793574
2 0.471094 0.892361 0.090625 0.195833 0.794612
2 0.960547 0.655556 0.0789063 0.0805556 0.819395
2 0.360547 0.699306 0.0601562 0.109722 0.833914
2 0.589844 0.603472 0.0453125 0.0597222 0.834843
2 0.366406 0.582639 0.0375 0.0597222 0.851478
