2 0.389062 0.515972 0.03125 0.0652778 0.267931
3 0.991406 0.758333 0.0171875 0.0638889 0.281673
2 0.308594 0.863889 0.103125 0.205556 0.373378
2 0.477344 0.503472 0.0265625 0.0402778 0.386721
2 0.534375 0.525 0.03125 0.0444444 0.433263
2 0.507422 0.496528 0.0304688 0.0402778 0.437623
7 0.308203 0.868056 0.0992187 0.2 0.578508
2 0.580078 0.5875 0.0429688 0.0583333 0.714694
2 0.435156 0.576389 0.0375 0.0722222 0.725447
2 0.617969 0.661806 0.05625 0.0847222 0.741231
2 0.507812 0.558333 0.0359375 0.0611111 0.790534
2 0.772266 0.842361 0.122656 0.176389 0.790966
2 0.36875 0.633333 0.046875 0.075 0.831774
2 0.557422 0.691667 0.0664062 0.113889 0.855204
2 0.462109 0.760417 0.0664062 0.134722 0.861316
