5 0.801172 0.34375 0.102344 0.0625 0.301671
2 0.477344 0.494444 0.0265625 0.0361111 0.386725
2 0.680078 0.560417 0.0460938 0.0402778 0.451861
2 0.395703 0.510417 0.0273438 0.0513889 0.452286
2 0.4375 0.552778 0.0359375 0.0777778 0.459872
2 0.529297 0.514583 0.0289063 0.0375 0.498281
7 0.329297 0.8 0.0804688 0.161111 0.51185
2 0.701563 0.513889 0.0328125 0.0388889 0.528082
2 0.329297 0.800694 0.0820312 0.1625 0.533536
2 0.573047 0.573611 0.0335938 0.0472222 0.595677
2 0.602344 0.633333 0.0453125 0.0694444 0.688905
2 0.880859 0.9625 0.127344 0.0694444 0.710205
2 0.506641 0.544444 0.0335938 0.0527778 0.729897
2 0.721875 0.767361 0.0984375 0.140278 0.784332
2 0.377344 0.611806 0.0421875 0.0652778 0.833827
2 0.543359 0.65 0.0570313 0.0833333 0.839957
2 0.461719 0.7 0.05625 0.102778 0.865442
2 0.640234 0.929167 0.116406 0.141667 0.891731
