7 0.408984 0.495139 0.0335938 0.0791667 0.296155
2 0.687109 0.492361 0.0320312 0.0347222 0.298629
2 0.502734 0.509722 0.0257812 0.0388889 0.325047
2 0.537891 0.501389 0.0273438 0.0388889 0.326238
2 0.460156 0.530556 0.0296875 0.0388889 0.399497
2 0.576172 0.554167 0.0367187 0.0527778 0.465406
2 0.410156 0.534722 0.0328125 0.0611111 0.489458
2 0.389844 0.611806 0.040625 0.0597222 0.592647
2 0.517969 0.554167 0.034375 0.0555556 0.60358
2 0.736328 0.545833 0.0476562 0.0444444 0.639796
2 0.69375 0.948611 0.125 0.1 0.663583
2 0.976172 0.648611 0.0476562 0.0861111 0.688906
2 0.879687 0.949306 0.159375 0.0958333 0.690038
2 0.623828 0.61875 0.0523437 0.0819444 0.700284
2 0.376172 0.694444 0.0601562 0.111111 0.733159
2 0.466797 0.593056 0.0351562 0.0805556 0.733723
2 0.546484 0.611806 0.0414063 0.0680556 0.757939
2 0.790234 0.620139 0.0710938 0.0736111 0.776019
2 0.733203 0.771528 0.0929687 0.129167 0.828657
2 0.484375 0.700694 0.0640625 0.118056 0.846572
2 0.932813 0.677778 0.096875 0.0888889 0.863999
