2 0.465234 0.554861 0.0460938 0.120833 0.302285
7 0.761328 0.795833 0.107031 0.2 0.335142
7 0.465234 0.550694 0.0445312 0.118056 0.371202
5 0.465234 0.554861 0.0445312 0.1125 0.401416
5 0.761328 0.792361 0.103906 0.198611 0.401606
2 0.816016 0.556944 0.0398437 0.05 0.434197
2 0.573438 0.534028 0.034375 0.0541667 0.46401
2 0.667969 0.488194 0.0359375 0.0430556 0.469302
2 0.907812 0.9625 0.148438 0.0722222 0.494449
2 0.605469 0.5875 0.0421875 0.0611111 0.588784
2 0.876172 0.617361 0.0804688 0.0736111 0.670388
2 0.742969 0.553472 0.05 0.0486111 0.683234
2 0.524609 0.559028 0.0367187 0.0541667 0.690072
2 0.393359 0.627778 0.0507812 0.1 0.739975
2 0.496094 0.892361 0.0859375 0.1875 0.748802
2 0.665234 0.681944 0.0726563 0.105556 0.760884
2 0.326953 0.8375 0.0945313 0.175 0.791195
5 0.39375 0.519444 0.0515625 0.130556 0.791511
2 0.487891 0.677083 0.0554687 0.101389 0.807764
2 0.581641 0.674306 0.0679687 0.104167 0.839194
2 0.642969 0.896528 0.123438 0.198611 0.875202
