2 0.994531 0.696528 0.0109375 0.0458333 0.271813
2 0.53125 0.513889 0.0234375 0.0416667 0.410853
2 0.399219 0.566667 0.034375 0.0583333 0.529942
2 0.574609 0.567361 0.0351562 0.0541667 0.546398
2 0.452344 0.546528 0.028125 0.0458333 0.549368
2 0.658594 0.519444 0.034375 0.0388889 0.559177
2 0.518359 0.572917 0.0320312 0.0513889 0.642483
2 0.356641 0.781944 0.0742188 0.144444 0.768135
2 0.455469 0.630556 0.0421875 0.0722222 0.791103
2 0.770312 0.595833 0.0578125 0.0583333 0.801428
2 0.616797 0.632639 0.0507812 0.0625 0.815675
2 0.472656 0.711806 0.059375 0.115278 0.818089
2 0.890625 0.663194 0.078125 0.0791667 0.826348
2 0.380859 0.670139 0.0460938 0.0819444 0.850612
2 0.676172 0.760417 0.0882813 0.126389 0.861184
2 0.566797 0.709028 0.0632813 0.0986111 0.863913
