2 0.548047 0.524306 0.0257812 0.0375 0.356424
2 0.497266 0.520833 0.0273438 0.0444444 0.380013
7 0.409766 0.485417 0.0351562 0.101389 0.441196
2 0.460156 0.548611 0.0296875 0.0583333 0.450584
2 0.584766 0.565972 0.0398437 0.0680556 0.564165
2 0.342578 0.819444 0.0835937 0.15 0.586519
7 0.342187 0.820139 0.0828125 0.145833 0.603574
2 0.520312 0.555556 0.0328125 0.05 0.677842
2 0.753516 0.515972 0.0367187 0.0375 0.727524
2 0.390625 0.626389 0.046875 0.0944444 0.746492
2 0.473828 0.625694 0.0460938 0.0791667 0.802934
2 0.659766 0.670833 0.0648438 0.0861111 0.839415
2 0.586719 0.723611 0.0703125 0.108333 0.858378
2 0.477734 0.818056 0.0773437 0.161111 0.86425
2 0.764453 0.838889 0.117969 0.163889 0.891645
