2 0.424219 0.4625 0.0203125 0.0277778 0.264047
2 0.732422 0.597917 0.0523437 0.0458333 0.265894
2 0.744531 0.540972 0.0328125 0.0375 0.299418
2 0.526563 0.50625 0.0234375 0.0347222 0.333043
2 0.477734 0.491667 0.0257812 0.0305556 0.334548
2 0.504297 0.53125 0.0320312 0.0541667 0.358227
2 0.342578 0.754861 0.0726563 0.140278 0.451082
2 0.399609 0.510417 0.0257812 0.0375 0.464288
7 0.342578 0.754861 0.0742188 0.1375 0.486355
2 0.757031 0.545139 0.034375 0.0347222 0.5006
7 0.691406 0.719444 0.0859375 0.125 0.515964
5 0.754687 0.340278 0.151562 0.0694444 0.518782
2 0.439063 0.544444 0.0296875 0.0611111 0.519163
2 0.566016 0.556944 0.0351562 0.0472222 0.574283
2 0.692969 0.721528 0.0828125 0.115278 0.662579
2 0.592969 0.611806 0.040625 0.0625 0.731276
2 0.385156 0.593056 0.0359375 0.0611111 0.790382
2 0.535937 0.621528 0.0484375 0.0763889 0.798117
2 0.462891 0.663194 0.0523437 0.0958333 0.816318
2 0.614062 0.86875 0.1 0.176389 0.861649
2 0.833594 0.915972 0.154687 0.1625 0.872552
