2 0.395703 0.503472 0.0304688 0.0791667 0.250495
2 0.493359 0.479861 0.0195312 0.0319444 0.313341
2 0.434375 0.502778 0.0234375 0.0333333 0.336455
7 0.692969 0.75625 0.0875 0.115278 0.364116
2 0.648828 0.519444 0.0320312 0.0388889 0.386945
2 0.53125 0.519444 0.025 0.0361111 0.436769
2 0.831641 0.629861 0.0757812 0.0597222 0.48062
2 0.486719 0.519444 0.0265625 0.0333333 0.505642
2 0.692187 0.755556 0.084375 0.113889 0.53721
2 0.440234 0.554167 0.0304688 0.0444444 0.558716
2 0.326562 0.86875 0.09375 0.165278 0.600026
7 0.324219 0.868056 0.0890625 0.166667 0.614208
2 0.488281 0.968056 0.0953125 0.0555556 0.651644
2 0.558594 0.556944 0.0328125 0.0472222 0.707844
2 0.454688 0.609028 0.04375 0.0736111 0.746645
2 0.729688 0.597222 0.053125 0.0583333 0.761513
2 0.366797 0.693056 0.0570313 0.105556 0.7776
2 0.478906 0.810417 0.0671875 0.143056 0.792096
2 0.514453 0.583333 0.0351562 0.0555556 0.800942
2 0.381641 0.608333 0.0367187 0.0611111 0.826651
2 0.591016 0.622917 0.0492188 0.0763889 0.846076
