2 0.410156 0.525694 0.03125 0.0513889 0.319169
25 0.0269531 0.759028 0.0539063 0.104167 0.330694
2 0.489844 0.490278 0.0234375 0.0388889 0.364636
2 0.533984 0.511806 0.0210938 0.0291667 0.383256
2 0.441406 0.500694 0.0203125 0.0319444 0.445953
2 0.510156 0.542361 0.0296875 0.0430556 0.583628
2 0.488281 0.915278 0.104687 0.158333 0.600374
2 0.553125 0.540972 0.025 0.0347222 0.627114
2 0.596484 0.581944 0.0367187 0.0527778 0.670916
2 0.458594 0.549306 0.0265625 0.0486111 0.709431
2 0.533203 0.607639 0.0414063 0.0652778 0.760587
2 0.476562 0.681944 0.0484375 0.0916667 0.764634
2 0.636719 0.649306 0.0625 0.0875 0.799878
2 0.370313 0.717361 0.059375 0.101389 0.807695
2 0.907422 0.73125 0.0929687 0.0958333 0.813986
2 0.582812 0.7125 0.06875 0.111111 0.817831
2 0.394922 0.604167 0.0367187 0.0694444 0.827228
