2 0.505078 0.459028 0.0242187 0.0291667 0.251431
2 0.689062 0.470139 0.028125 0.0291667 0.258449
2 0.488672 0.483333 0.0242187 0.025 0.290535
2 0.698828 0.955556 0.117969 0.0861111 0.410748
7 0.761328 0.813889 0.110156 0.161111 0.412272
7 0.347266 0.717361 0.116406 0.318056 0.508098
7 0.525 0.893056 0.145313 0.208333 0.51768
2 0.453516 0.497222 0.0257812 0.0416667 0.528256
2 0.512891 0.538889 0.0304688 0.0416667 0.566765
2 0.535156 0.489583 0.025 0.0347222 0.56729
2 0.622656 0.610417 0.053125 0.0847222 0.605017
5 0.345703 0.713194 0.117969 0.334722 0.60768
2 0.465625 0.550694 0.034375 0.0513889 0.636223
2 0.585156 0.552083 0.0359375 0.0513889 0.648355
2 0.761719 0.813194 0.110937 0.1625 0.672622
2 0.758984 0.51875 0.0429688 0.0458333 0.683154
2 0.473047 0.607639 0.0398437 0.0625 0.726105
2 0.536719 0.582639 0.0421875 0.0736111 0.732987
2 0.662891 0.665972 0.0679687 0.0986111 0.802161
2 0.914062 0.711806 0.0875 0.0930556 0.819674
2 0.574609 0.674306 0.0617188 0.0930556 0.823672
2 0.49375 0.736111 0.0609375 0.116667 0.834958
