2 0.924219 0.940972 0.151562 0.101389 0.260571
7 0.926953 0.945139 0.146094 0.101389 0.303632
2 0.608594 0.592361 0.0515625 0.0708333 0.341486
7 0.495703 0.770139 0.0960938 0.2875 0.409024
2 0.45625 0.518056 0.03125 0.05 0.435654
25 0.0210938 0.739583 0.040625 0.101389 0.474525
2 0.516016 0.470139 0.0210938 0.0291667 0.493662
2 0.495313 0.504167 0.0234375 0.0388889 0.493715
2 0.495313 0.765972 0.0921875 0.284722 0.548723
2 0.565234 0.529167 0.0320312 0.0444444 0.627006
2 0.4625 0.563194 0.0359375 0.0569444 0.65341
2 0.795313 0.51875 0.0421875 0.0430556 0.660453
2 0.515625 0.539583 0.0328125 0.0569444 0.68843
2 0.639844 0.64375 0.0671875 0.0902778 0.715311
2 0.546484 0.611806 0.0460938 0.0652778 0.772362
2 0.350391 0.891667 0.100781 0.205556 0.784311
2 0.979688 0.648611 0.0390625 0.0694444 0.820663
5 0.367578 0.629167 0.0882813 0.230556 0.847724
2 0.720312 0.760417 0.0953125 0.143056 0.855173
2 0.602344 0.763889 0.0828125 0.136111 0.866198
