2 0.588281 0.634722 0.117188 0.0833333 0.255796
2 0.573047 0.545833 0.0320312 0.05 0.27091
2 0.689844 0.700694 0.078125 0.1375 0.281096
2 0.659375 0.500694 0.0328125 0.0375 0.28456
2 0.500781 0.515278 0.0296875 0.0361111 0.315641
2 0.823047 0.564583 0.0398437 0.0486111 0.444083
2 0.534375 0.564583 0.0421875 0.0625 0.456617
7 0.459766 0.513194 0.0335938 0.0847222 0.460614
7 0.689453 0.701389 0.0773437 0.138889 0.479063
5 0.405859 0.529861 0.0414063 0.154167 0.485483
5 0.665234 0.365278 0.0804688 0.0611111 0.486116
2 0.475781 0.585417 0.0359375 0.0486111 0.513022
2 0.550391 0.638889 0.0507812 0.0861111 0.635983
2 0.478516 0.670833 0.0476562 0.113889 0.696406
2 0.612109 0.770833 0.0757812 0.136111 0.734131
2 0.620703 0.622917 0.0554687 0.0763889 0.762701
2 0.511328 0.922222 0.114844 0.147222 0.775605
2 0.3375 0.847917 0.096875 0.201389 0.781248
2 0.371484 0.686806 0.0585938 0.0930556 0.797239
2 0.839063 0.9125 0.146875 0.169444 0.873522
