2 0.375 0.495833 0.0234375 0.0333333 0.266955
2 0.480469 0.459722 0.021875 0.0305556 0.277015
2 0.516406 0.508333 0.0296875 0.0388889 0.29989
2 0.455469 0.472222 0.0234375 0.0333333 0.355731
2 0.853906 0.606944 0.0484375 0.0472222 0.390171
2 0.417969 0.482639 0.025 0.0375 0.399385
2 0.547266 0.547917 0.0382813 0.0569444 0.448761
2 0.481641 0.514583 0.0320312 0.0541667 0.591099
2 0.379297 0.552778 0.0320312 0.0527778 0.612647
2 0.833203 0.672222 0.0882813 0.0944444 0.621033
2 0.438672 0.571528 0.0367187 0.0597222 0.66054
2 0.434766 0.636806 0.0492188 0.0847222 0.727311
2 0.517187 0.595139 0.0453125 0.0791667 0.745887
2 0.609375 0.634722 0.0609375 0.0777778 0.769641
2 0.764063 0.573611 0.065625 0.0722222 0.770304
2 0.346484 0.689583 0.0570313 0.0986111 0.814649
2 0.466797 0.932639 0.108594 0.126389 0.836262
2 0.677344 0.765278 0.084375 0.130556 0.839752
2 0.615625 0.867361 0.107813 0.201389 0.8595
