2 0.405859 0.5 0.0242187 0.0416667 0.25128
7 0.346875 0.815972 0.0828125 0.156944 0.269172
2 0.489844 0.511111 0.025 0.0361111 0.390781
2 0.526953 0.514583 0.0210938 0.0319444 0.46615
2 0.563672 0.539583 0.0320312 0.0430556 0.499389
2 0.507812 0.553472 0.03125 0.0458333 0.537687
2 0.347266 0.809028 0.0789063 0.156944 0.559795
2 0.445703 0.513194 0.0210938 0.0375 0.574648
2 0.975391 0.718056 0.0476562 0.116667 0.575846
2 0.706641 0.764583 0.0804688 0.115278 0.597906
2 0.4 0.552083 0.0296875 0.0513889 0.615339
2 0.4625 0.5875 0.0359375 0.0611111 0.724364
2 0.387109 0.623611 0.0414063 0.0638889 0.730607
2 0.535156 0.60625 0.0421875 0.0625 0.768
2 0.646094 0.85 0.103125 0.197222 0.780314
2 0.591016 0.584028 0.0414063 0.0597222 0.79842
2 0.467578 0.718056 0.0617188 0.122222 0.840778
