2 0.385547 0.519444 0.0257812 0.0361111 0.303194
2 0.507031 0.4875 0.0234375 0.0333333 0.320832
2 0.475 0.499306 0.021875 0.0319444 0.398536
2 0.671484 0.491667 0.0351562 0.0388889 0.436114
7 0.310547 0.925 0.108594 0.147222 0.443944
2 0.988281 0.825694 0.0234375 0.0652778 0.45058
2 0.639844 0.515972 0.03125 0.0375 0.47134
2 0.310547 0.923611 0.107031 0.147222 0.528108
2 0.529688 0.525 0.03125 0.0444444 0.604109
2 0.433203 0.508333 0.0304688 0.05 0.645308
2 0.451562 0.608333 0.0375 0.0638889 0.682453
2 0.705078 0.779167 0.100781 0.133333 0.711585
2 0.580859 0.584028 0.0414063 0.0625 0.72918
2 0.542969 0.659722 0.059375 0.0916667 0.744041
2 0.734766 0.553472 0.0492188 0.0486111 0.748368
2 0.376953 0.58125 0.0398437 0.0680556 0.776921
2 0.459375 0.679861 0.0546875 0.0902778 0.785747
2 0.688281 0.932639 0.1375 0.129167 0.812637
2 0.349609 0.70625 0.0601562 0.104167 0.840469
