2 0.621484 0.465278 0.0242187 0.0305556 0.309547
2 0.431641 0.509722 0.0195312 0.0333333 0.320156
2 0.528906 0.511806 0.0265625 0.0375 0.481804
2 0.49375 0.529167 0.0296875 0.0388889 0.59339
2 0.554688 0.558333 0.034375 0.0527778 0.594571
2 0.445312 0.547917 0.03125 0.0430556 0.596126
2 0.655859 0.505556 0.0351562 0.0388889 0.70904
2 0.823438 0.927083 0.145313 0.140278 0.736827
2 0.387109 0.556944 0.0320312 0.0472222 0.743839
2 0.464063 0.674306 0.0453125 0.0875 0.762761
2 0.774219 0.619444 0.0625 0.0666667 0.771736
2 0.343359 0.766667 0.0679687 0.125 0.773308
2 0.375781 0.627083 0.046875 0.0902778 0.782752
2 0.61875 0.6375 0.0578125 0.075 0.81995
2 0.472656 0.78125 0.071875 0.134722 0.843649
2 0.589844 0.765972 0.084375 0.143056 0.848925
