2 0.523438 0.636111 0.134375 0.0861111 0.275117
2 0.282813 0.971528 0.090625 0.0458333 0.365937
2 0.598437 0.569444 0.0390625 0.0638889 0.408293
7 0.464453 0.5375 0.0398437 0.102778 0.458514
7 0.742969 0.76875 0.104687 0.184722 0.464435
2 0.518359 0.538194 0.0320312 0.0486111 0.479614
2 0.725 0.526389 0.0453125 0.0444444 0.493046
2 0.892969 0.944444 0.160938 0.105556 0.543981
2 0.400781 0.608333 0.046875 0.0833333 0.633528
5 0.399609 0.509028 0.0492188 0.118056 0.654296
2 0.564453 0.627083 0.0585938 0.0875 0.658676
2 0.344531 0.780556 0.0796875 0.147222 0.663163
2 0.655078 0.660417 0.0664062 0.0986111 0.702442
2 0.490625 0.818056 0.071875 0.177778 0.758121
2 0.485156 0.64375 0.053125 0.0902778 0.769474
2 0.858594 0.64375 0.08125 0.0763889 0.780999
2 0.6 0.784722 0.090625 0.163889 0.814227
2 0.958203 0.63125 0.0835937 0.0708333 0.842757
