2 0.433203 0.495139 0.0273438 0.0541667 0.253043
2 0.464844 0.483333 0.01875 0.025 0.291677
2 0.396484 0.536111 0.0320312 0.0444444 0.453906
2 0.665625 0.547917 0.03125 0.0375 0.46909
2 0.981641 0.78125 0.0367187 0.0791667 0.486133
2 0.436328 0.513194 0.0242187 0.0375 0.516972
2 0.544141 0.536806 0.0273438 0.0347222 0.536208
2 0.44375 0.577778 0.034375 0.0611111 0.606538
2 0.496875 0.536111 0.028125 0.0361111 0.675327
2 0.747266 0.576389 0.0523437 0.05 0.693038
2 0.360938 0.720833 0.065625 0.122222 0.746002
2 0.575 0.580556 0.0375 0.0527778 0.769489
2 0.311328 0.913194 0.0976562 0.1625 0.776885
2 0.380859 0.627083 0.0382813 0.0652778 0.788505
2 0.745313 0.834722 0.107813 0.155556 0.799873
2 0.527734 0.615972 0.0445312 0.0652778 0.80417
2 0.489844 0.904861 0.08125 0.181944 0.824575
2 0.613672 0.663194 0.0632813 0.0819444 0.827745
2 0.460156 0.640278 0.05 0.0805556 0.838716
