5 0.651172 0.395139 0.0851562 0.0347222 0.263283
2 0.396484 0.527083 0.0304688 0.0458333 0.263412
2 0.498047 0.484028 0.0210938 0.0347222 0.2745
2 0.628906 0.507639 0.0296875 0.0347222 0.387289
2 0.537891 0.530556 0.0242187 0.0333333 0.389291
2 0.460938 0.479861 0.021875 0.0263889 0.393323
2 0.434766 0.504861 0.0226563 0.0402778 0.514717
2 0.694922 0.571528 0.0398437 0.0458333 0.571795
2 0.442578 0.566667 0.0320312 0.05 0.583502
2 0.567969 0.572222 0.034375 0.05 0.651754
2 0.491016 0.529167 0.0289063 0.0388889 0.667921
2 0.317969 0.89375 0.096875 0.1875 0.668841
2 0.483594 0.854861 0.0734375 0.159722 0.714002
2 0.717969 0.79375 0.0984375 0.134722 0.79977
2 0.601953 0.642361 0.0539063 0.0791667 0.807181
2 0.45625 0.621528 0.0453125 0.0847222 0.812732
2 0.380469 0.620139 0.0375 0.0652778 0.828509
2 0.363281 0.705556 0.0609375 0.113889 0.834711
2 0.78125 0.597222 0.0609375 0.0555556 0.851553
2 0.521484 0.600694 0.0382813 0.0625 0.855091
