2 0.551953 0.543056 0.0289063 0.0388889 0.27716
7 0.396094 0.520833 0.034375 0.0944444 0.278523
2 0.305859 0.929167 0.110156 0.133333 0.418657
2 0.501953 0.547222 0.0289063 0.0416667 0.429788
2 0.720312 0.559722 0.04375 0.0388889 0.450053
7 0.304297 0.928472 0.107031 0.131944 0.478884
7 0.361719 0.738194 0.0703125 0.126389 0.53374
2 0.441016 0.519444 0.0242187 0.0444444 0.556145
2 0.446875 0.590972 0.034375 0.0541667 0.577395
2 0.360547 0.733333 0.0664062 0.127778 0.654809
2 0.380469 0.640972 0.040625 0.0708333 0.671394
2 0.779297 0.886111 0.124219 0.177778 0.68121
2 0.585156 0.592361 0.040625 0.0569444 0.72663
2 0.626953 0.683333 0.0632813 0.0916667 0.75444
2 0.497266 0.930556 0.0882813 0.130556 0.758282
2 0.461719 0.657639 0.05 0.0902778 0.812929
2 0.5375 0.636806 0.046875 0.0708333 0.814218
2 0.930469 0.718056 0.1125 0.105556 0.84757
