2 0.400781 0.652083 0.034375 0.0847222 0.329493
2 0.497656 0.498611 0.0234375 0.0305556 0.363141
9 0.701172 0.490972 0.0273438 0.0402778 0.390424
2 0.467578 0.453472 0.0210938 0.0319444 0.392011
2 0.458203 0.508333 0.0273438 0.0444444 0.533862
7 0.329688 0.786806 0.135937 0.395833 0.539396
2 0.542578 0.5 0.0273438 0.0361111 0.552055
2 0.522266 0.554861 0.0335938 0.0486111 0.552283
2 0.471094 0.56875 0.0375 0.0597222 0.569507
2 0.759766 0.595833 0.0617188 0.0555556 0.575969
2 0.630859 0.61875 0.0539063 0.0847222 0.627708
2 0.59375 0.5625 0.0375 0.05 0.630776
2 0.673047 0.680556 0.0710938 0.105556 0.638692
5 0.328906 0.785417 0.135937 0.398611 0.719795
2 0.478125 0.635417 0.0421875 0.0736111 0.770347
2 0.548437 0.608333 0.046875 0.0805556 0.806091
2 0.592188 0.725 0.0703125 0.108333 0.84051
2 0.503906 0.811111 0.0734375 0.15 0.863794
2 0.796094 0.863194 0.126563 0.184722 0.864349
