2 0.568359 0.538194 0.0476562 0.0708333 0.27663
2 0.407031 0.581944 0.0375 0.0666667 0.35812
2 0.694141 0.710417 0.0804688 0.143056 0.375712
5 0.434766 0.33125 0.114844 0.0569444 0.419673
25 0.0203125 0.736111 0.040625 0.102778 0.429981
7 0.460547 0.517361 0.0351562 0.0902778 0.461499
7 0.694531 0.711806 0.08125 0.143056 0.46499
2 0.503516 0.51875 0.0289063 0.0375 0.473221
5 0.405469 0.528472 0.0421875 0.151389 0.484386
2 0.985547 0.736111 0.0289063 0.0777778 0.539964
2 0.509766 0.94375 0.103906 0.0986111 0.556469
2 0.331641 0.870139 0.107031 0.206944 0.591981
2 0.536328 0.570139 0.0429688 0.0652778 0.624983
2 0.477734 0.589583 0.0351562 0.0486111 0.637347
2 0.623047 0.802083 0.0867188 0.159722 0.675851
2 0.625781 0.629861 0.053125 0.0763889 0.687937
2 0.479688 0.68125 0.05 0.123611 0.691376
2 0.8 0.551389 0.053125 0.0472222 0.723828
2 0.553906 0.652083 0.05625 0.0902778 0.746541
2 0.369141 0.697222 0.0585938 0.0972222 0.799613
2 0.847266 0.917361 0.153906 0.1625 0.806866
