2 0.477734 0.496528 0.0273438 0.0430556 0.442813
2 0.393359 0.513889 0.0289063 0.0527778 0.462158
2 0.436719 0.561806 0.0359375 0.0736111 0.469842
2 0.681641 0.50625 0.0320312 0.0375 0.500275
2 0.532031 0.517361 0.0296875 0.0402778 0.544823
2 0.574609 0.578472 0.0398437 0.0486111 0.625723
2 0.738672 0.791667 0.105469 0.152778 0.648141
2 0.320312 0.824306 0.0921875 0.173611 0.659161
2 0.507031 0.547222 0.034375 0.0583333 0.702287
2 0.648828 0.951389 0.110156 0.0972222 0.738522
2 0.607031 0.640972 0.0515625 0.0791667 0.783347
2 0.375781 0.61875 0.0453125 0.0736111 0.828665
2 0.548047 0.664583 0.0585938 0.0930556 0.835132
2 0.4625 0.718056 0.0578125 0.116667 0.845102
