2 0.873828 0.594444 0.0648438 0.0472222 0.257876
25 0.0132813 0.71875 0.0265625 0.0847222 0.25976
2 0.653516 0.459028 0.0257812 0.0236111 0.293986
2 0.690234 0.500694 0.0367187 0.0430556 0.315467
5 0.754687 0.780556 0.101562 0.194444 0.316856
2 0.753906 0.775694 0.107813 0.201389 0.437439
2 0.570703 0.527083 0.0304688 0.0541667 0.480604
2 0.603125 0.586111 0.0375 0.0527778 0.524901
2 0.896875 0.955556 0.15 0.0888889 0.632529
5 0.465625 0.544444 0.0421875 0.111111 0.64414
2 0.522266 0.546528 0.0320312 0.0541667 0.662427
2 0.395703 0.620139 0.0492188 0.0930556 0.690697
2 0.573047 0.652083 0.0617188 0.101389 0.751129
2 0.486328 0.658333 0.0554687 0.1 0.791172
5 0.396875 0.514583 0.05 0.126389 0.799171
2 0.334766 0.809722 0.0851562 0.161111 0.806892
2 0.783984 0.584722 0.0648438 0.0611111 0.809602
2 0.660937 0.672917 0.06875 0.101389 0.828388
2 0.49375 0.873611 0.0828125 0.236111 0.846986
2 0.946875 0.663889 0.096875 0.0916667 0.883995
2 0.621094 0.85 0.109375 0.202778 0.890901
