2 0.451562 0.4625 0.025 0.0333333 0.251214
2 0.507812 0.494444 0.0296875 0.0361111 0.290436
2 0.393359 0.518056 0.0289063 0.0472222 0.40295
2 0.476953 0.497222 0.0257812 0.0416667 0.424831
2 0.675781 0.503472 0.0328125 0.0347222 0.433484
2 0.436719 0.563194 0.0359375 0.0763889 0.50144
2 0.532422 0.51875 0.0304688 0.0430556 0.523293
2 0.575 0.579167 0.0421875 0.0527778 0.608344
2 0.741797 0.799306 0.111719 0.159722 0.653403
2 0.653906 0.958333 0.107813 0.0833333 0.687001
2 0.316406 0.827778 0.0953125 0.175 0.724487
2 0.506641 0.548611 0.0351562 0.0611111 0.740769
2 0.607813 0.647222 0.0515625 0.0722222 0.752702
2 0.548437 0.668056 0.059375 0.0944444 0.823436
2 0.375 0.621528 0.0453125 0.0736111 0.830514
2 0.461719 0.722917 0.059375 0.123611 0.840436
