5 0.225391 0.877083 0.221094 0.240278 0.261766
7 0.407031 0.547222 0.0328125 0.0638889 0.282794
7 0.841406 0.578472 0.0921875 0.0986111 0.30297
2 0.528125 0.492361 0.0234375 0.0319444 0.307352
2 0.405859 0.547917 0.0320312 0.0597222 0.368073
2 0.48125 0.480556 0.021875 0.0305556 0.373769
2 0.451953 0.491667 0.0257812 0.0361111 0.424511
7 0.583594 0.700694 0.06875 0.131944 0.435723
25 0.0246094 0.735417 0.0492188 0.104167 0.469397
7 0.364844 0.767361 0.0734375 0.131944 0.488147
2 0.582031 0.702778 0.071875 0.133333 0.508517
2 0.462109 0.545833 0.0335938 0.05 0.522952
2 0.514844 0.538194 0.028125 0.0347222 0.550516
2 0.557422 0.517361 0.0304688 0.0430556 0.617575
2 0.649609 0.65 0.0679687 0.0972222 0.639803
2 0.605078 0.585417 0.0429688 0.0569444 0.664129
2 0.735156 0.539583 0.04375 0.0458333 0.671653
2 0.477344 0.631944 0.05 0.0777778 0.718072
2 0.487891 0.772917 0.0648438 0.131944 0.729359
2 0.392578 0.628472 0.0429688 0.0736111 0.750962
2 0.535156 0.6 0.0453125 0.0611111 0.82185
2 0.716797 0.754861 0.0976562 0.1375 0.835145
2 0.667188 0.921528 0.11875 0.154167 0.849929
