5 0.233984 0.873611 0.230469 0.252778 0.32249
2 0.527734 0.492361 0.0242187 0.0319444 0.349641
2 0.451562 0.49375 0.025 0.0319444 0.359932
25 0.025 0.734722 0.05 0.105556 0.425626
2 0.481641 0.479167 0.0226563 0.0305556 0.461153
2 0.514453 0.535417 0.0289063 0.0375 0.498687
7 0.363672 0.761806 0.0789063 0.131944 0.530647
2 0.846484 0.597917 0.0757812 0.0791667 0.561668
2 0.557031 0.515972 0.0296875 0.0430556 0.604167
2 0.462109 0.542361 0.0320312 0.0486111 0.63637
2 0.580469 0.695833 0.06875 0.133333 0.652393
2 0.647266 0.647917 0.0648438 0.0958333 0.665973
2 0.604688 0.584722 0.04375 0.0583333 0.6936
2 0.746875 0.545833 0.046875 0.05 0.711918
2 0.394922 0.624306 0.0414063 0.0763889 0.748046
2 0.535937 0.595139 0.0421875 0.0625 0.779916
2 0.476953 0.627083 0.0492188 0.0736111 0.784246
2 0.487891 0.766667 0.0648438 0.127778 0.805162
2 0.713672 0.747222 0.0945313 0.136111 0.829795
2 0.662891 0.914583 0.114844 0.168056 0.885977
