2 0.464844 0.534028 0.0390625 0.104167 0.279024
2 0.681641 0.473611 0.0320312 0.0361111 0.301712
2 0.566797 0.521528 0.0320312 0.0486111 0.336618
2 0.739844 0.761111 0.101562 0.183333 0.376684
7 0.739844 0.761111 0.1 0.180556 0.403909
7 0.465234 0.535417 0.0398437 0.101389 0.430519
2 0.597656 0.566667 0.0359375 0.0638889 0.460552
2 0.517578 0.534722 0.0335938 0.05 0.482091
2 0.401172 0.603472 0.0460938 0.0847222 0.578286
2 0.347266 0.768056 0.0757812 0.136111 0.589688
2 0.2875 0.957639 0.0984375 0.0680556 0.596059
2 0.738281 0.535417 0.0484375 0.0486111 0.610448
5 0.4 0.508333 0.0484375 0.119444 0.642954
2 0.891406 0.94375 0.167187 0.106944 0.709092
2 0.560938 0.61875 0.05625 0.0875 0.734008
2 0.653125 0.658333 0.065625 0.0944444 0.73574
2 0.489062 0.797917 0.06875 0.173611 0.77411
2 0.484766 0.636111 0.0507812 0.0888889 0.777411
2 0.975391 0.652083 0.0492188 0.0763889 0.797464
2 0.898438 0.669444 0.078125 0.0861111 0.810957
2 0.594922 0.766667 0.0867188 0.158333 0.853064
