2 0.491406 0.488194 0.0234375 0.0291667 0.270288
2 0.507031 0.461806 0.0203125 0.0319444 0.303255
9 0.877344 0.680556 0.015625 0.0472222 0.56534
2 0.455859 0.502083 0.0289063 0.0430556 0.609041
2 0.736719 0.507639 0.040625 0.0430556 0.642085
2 0.538281 0.493056 0.0265625 0.0361111 0.648115
2 0.623828 0.610417 0.0539063 0.0847222 0.655413
2 0.516406 0.543056 0.03125 0.0444444 0.70238
7 0.338281 0.739583 0.129688 0.343056 0.72936
2 0.466797 0.555556 0.0351562 0.05 0.737006
2 0.588281 0.555556 0.0375 0.05 0.760842
2 0.772266 0.827778 0.114844 0.169444 0.767608
2 0.475781 0.615972 0.0421875 0.0708333 0.773101
2 0.664453 0.668056 0.0710938 0.105556 0.798762
2 0.541016 0.590972 0.0445312 0.0736111 0.80164
2 0.580859 0.689583 0.0632813 0.101389 0.829803
2 0.496875 0.75625 0.0671875 0.129167 0.830283
