7 0.409766 0.48125 0.0382813 0.0819444 0.285809
2 0.669531 0.479167 0.028125 0.0333333 0.289056
7 0.451562 0.478472 0.028125 0.0763889 0.293971
2 0.543359 0.507639 0.0273438 0.0430556 0.346926
2 0.4625 0.5375 0.028125 0.0388889 0.358785
2 0.507812 0.515278 0.028125 0.0361111 0.441805
2 0.409766 0.542361 0.0335938 0.0597222 0.547472
2 0.584375 0.5625 0.0359375 0.0555556 0.564614
2 0.98125 0.618056 0.0375 0.0555556 0.595981
2 0.901172 0.963889 0.164844 0.0666667 0.601825
2 0.521094 0.563194 0.0375 0.0597222 0.617057
2 0.705859 0.522222 0.0382813 0.0416667 0.628262
2 0.388281 0.619444 0.040625 0.0638889 0.66773
2 0.633984 0.628472 0.0570313 0.0902778 0.687716
2 0.853516 0.625 0.0742188 0.0666667 0.693076
2 0.469141 0.6 0.0367187 0.0861111 0.723647
2 0.554297 0.625 0.0460938 0.0694444 0.736629
2 0.744922 0.584722 0.0585938 0.0611111 0.765647
2 0.921875 0.611111 0.0671875 0.075 0.773688
2 0.370703 0.706944 0.0632813 0.119444 0.791474
2 0.485938 0.723611 0.0671875 0.133333 0.825559
2 0.750781 0.795139 0.101562 0.145833 0.825607
