7 0.308984 0.905556 0.103906 0.180556 0.29965
5 0.775781 0.81875 0.114063 0.220833 0.313245
25 0.0105469 0.733333 0.0210938 0.0694444 0.329541
2 0.467578 0.583333 0.0476562 0.122222 0.3568
7 0.466797 0.579167 0.0460938 0.125 0.374069
7 0.776953 0.821528 0.117969 0.2125 0.427986
2 0.680469 0.977083 0.10625 0.0458333 0.438506
5 0.465625 0.578472 0.0484375 0.134722 0.453751
2 0.579687 0.550694 0.0359375 0.0597222 0.454396
2 0.507422 0.520833 0.0304688 0.0444444 0.459305
2 0.679297 0.504861 0.0367187 0.0402778 0.495868
2 0.742578 0.513194 0.0398437 0.0430556 0.515827
2 0.387891 0.657639 0.0585938 0.1125 0.613303
2 0.310156 0.903472 0.104687 0.179167 0.673703
2 0.53125 0.581944 0.0390625 0.0611111 0.73954
2 0.965234 0.70625 0.0695312 0.0986111 0.744613
2 0.771484 0.556944 0.0539063 0.0583333 0.750257
2 0.612891 0.602083 0.0460938 0.0680556 0.804996
5 0.3875 0.534028 0.0578125 0.140278 0.808463
2 0.603906 0.736111 0.0796875 0.138889 0.81765
2 0.491016 0.723611 0.0632813 0.116667 0.827574
2 0.918359 0.581944 0.0757812 0.0722222 0.854528
2 0.676562 0.699306 0.0765625 0.118056 0.861969
