25 0.0269531 0.759722 0.0539063 0.102778 0.256232
2 0.491797 0.497917 0.0257812 0.0347222 0.300216
2 0.536719 0.511806 0.021875 0.0291667 0.300746
2 0.441406 0.500694 0.021875 0.0347222 0.347686
2 0.410156 0.529861 0.03125 0.0430556 0.348781
2 0.716797 0.571528 0.0585938 0.0708333 0.39572
2 0.511328 0.545833 0.0289063 0.0444444 0.53767
2 0.492188 0.933333 0.103125 0.130556 0.560633
2 0.983594 0.735417 0.0328125 0.0791667 0.564475
2 0.555078 0.54375 0.0273438 0.0375 0.573619
2 0.864062 0.701389 0.0828125 0.0777778 0.628578
2 0.599609 0.585417 0.0414063 0.0569444 0.654726
2 0.459375 0.553472 0.0265625 0.0486111 0.654821
2 0.587109 0.724306 0.0710938 0.120833 0.75633
2 0.39375 0.611806 0.0390625 0.0736111 0.764242
2 0.536328 0.614583 0.0414063 0.0625 0.771269
2 0.642578 0.661111 0.0648438 0.0888889 0.774012
2 0.367969 0.727778 0.059375 0.105556 0.787914
2 0.476953 0.691667 0.0523437 0.0972222 0.819244
