7 0.451172 0.477778 0.0273438 0.0777778 0.277816
2 0.666016 0.476389 0.0273438 0.0333333 0.289642
2 0.544922 0.510417 0.0289063 0.0402778 0.30358
2 0.463281 0.5375 0.028125 0.0388889 0.303948
7 0.410937 0.477778 0.0390625 0.1 0.319837
2 0.509375 0.518056 0.028125 0.0333333 0.448945
2 0.898828 0.966667 0.153906 0.0611111 0.514424
2 0.409766 0.544444 0.0320312 0.0527778 0.529418
2 0.585547 0.565278 0.0367187 0.0583333 0.566535
2 0.701172 0.519444 0.0382813 0.0388889 0.575217
2 0.917578 0.607639 0.0507812 0.0652778 0.610796
2 0.522656 0.570139 0.0375 0.0625 0.626663
2 0.635938 0.63125 0.05625 0.0902778 0.655206
2 0.737891 0.579861 0.0539063 0.0597222 0.670444
2 0.846484 0.614583 0.0789063 0.0625 0.700974
2 0.469141 0.603472 0.0367187 0.0847222 0.701537
2 0.3875 0.620833 0.0421875 0.0611111 0.727951
2 0.974609 0.613889 0.0507812 0.0611111 0.751673
2 0.554688 0.627778 0.0453125 0.0777778 0.755594
2 0.370703 0.710417 0.0632813 0.120833 0.788377
2 0.486328 0.73125 0.0664062 0.134722 0.808927
2 0.754687 0.8 0.103125 0.15 0.825288
