2 0.437891 0.5375 0.0320312 0.0361111 0.266544
2 0.41875 0.474306 0.01875 0.0263889 0.280539
2 0.453125 0.467361 0.0234375 0.0319444 0.283161
7 0.797656 0.876389 0.140625 0.205556 0.372373
2 0.386719 0.528472 0.0328125 0.0486111 0.416305
2 0.508594 0.497917 0.0265625 0.0347222 0.427597
2 0.297266 0.890278 0.103906 0.205556 0.441819
2 0.477734 0.503472 0.0273438 0.0430556 0.44655
7 0.298828 0.888889 0.107031 0.205556 0.477386
2 0.537109 0.528472 0.0320312 0.0430556 0.538195
2 0.797266 0.878472 0.136719 0.204167 0.572414
2 0.584766 0.593056 0.0429688 0.0611111 0.679565
2 0.508984 0.560417 0.0382813 0.0625 0.707162
2 0.435547 0.585417 0.0398437 0.0763889 0.722584
2 0.625 0.676389 0.059375 0.0944444 0.75762
2 0.364844 0.643056 0.046875 0.0777778 0.85176
2 0.564844 0.713194 0.0703125 0.123611 0.853744
2 0.462109 0.790972 0.0710938 0.151389 0.869462
2 0.956641 0.7125 0.0867188 0.119444 0.8704
