2 0.45625 0.53125 0.0265625 0.0458333 0.265174
2 0.638281 0.495139 0.03125 0.0402778 0.321134
2 0.533984 0.511806 0.0289063 0.0319444 0.335344
2 0.901172 0.586806 0.0273438 0.0402778 0.422898
2 0.685156 0.518056 0.0515625 0.0472222 0.481425
2 0.567187 0.540972 0.0296875 0.0513889 0.509918
2 0.311328 0.936806 0.110156 0.126389 0.550128
2 0.828906 0.952083 0.135937 0.0930556 0.60476
2 0.684375 0.958333 0.1125 0.0777778 0.67145
2 0.397266 0.606944 0.0398437 0.075 0.727958
2 0.467187 0.590278 0.0375 0.0666667 0.773701
2 0.625781 0.629861 0.053125 0.0708333 0.787413
2 0.555078 0.649306 0.0523437 0.0763889 0.837943
2 0.497266 0.899306 0.0992187 0.190278 0.840503
2 0.367578 0.736111 0.0632813 0.108333 0.854768
2 0.469922 0.718056 0.0585938 0.105556 0.85751
2 0.698828 0.742361 0.0851562 0.115278 0.872802
