2 0.465625 0.522222 0.0390625 0.0861111 0.252803
2 0.488672 0.486806 0.0210938 0.0263889 0.272111
5 0.795313 0.347917 0.0515625 0.0319444 0.291094
2 0.404297 0.588194 0.0414063 0.0763889 0.362363
2 0.714844 0.73125 0.090625 0.1625 0.376547
2 0.510156 0.525 0.0296875 0.0444444 0.487004
2 0.584375 0.552778 0.0375 0.0611111 0.491122
2 0.739062 0.511111 0.0390625 0.0416667 0.497556
7 0.715234 0.732639 0.0898438 0.154167 0.525653
7 0.463281 0.524306 0.0359375 0.0875 0.534839
5 0.404297 0.53125 0.0445312 0.159722 0.568052
2 0.638281 0.64375 0.059375 0.0847222 0.7254
2 0.546875 0.589583 0.0453125 0.0708333 0.726349
2 0.312109 0.906944 0.114844 0.183333 0.763661
2 0.567578 0.691667 0.0664062 0.111111 0.770525
2 0.854297 0.623611 0.0757812 0.0694444 0.777756
2 0.480078 0.607639 0.0445312 0.0680556 0.788501
2 0.360156 0.723611 0.0671875 0.119444 0.795927
2 0.866406 0.929167 0.151562 0.136111 0.813995
2 0.482812 0.715278 0.0578125 0.147222 0.825496
2 0.669531 0.904861 0.109375 0.190278 0.865873
