2 0.492969 0.511806 0.028125 0.0458333 0.345194
7 0.409766 0.48125 0.0335938 0.104167 0.357924
2 0.458984 0.539583 0.0273438 0.0569444 0.450639
2 0.505078 0.9625 0.0976562 0.0666667 0.512094
2 0.516406 0.547917 0.028125 0.0458333 0.57268
2 0.784766 0.534028 0.0429688 0.0402778 0.575685
2 0.580469 0.561111 0.0359375 0.0583333 0.661199
2 0.905078 0.617361 0.0664062 0.0625 0.711844
2 0.352734 0.788889 0.0742188 0.127778 0.756301
2 0.393359 0.626389 0.0445312 0.0722222 0.780161
2 0.472266 0.615278 0.0445312 0.0777778 0.800544
2 0.576563 0.695139 0.0671875 0.0986111 0.818372
2 0.649219 0.657639 0.0609375 0.0791667 0.825295
2 0.475391 0.781944 0.0726563 0.141667 0.832489
2 0.743359 0.805556 0.108594 0.147222 0.887568
