2 0.396875 0.536111 0.03125 0.0527778 0.328003
2 0.958203 0.759028 0.0835937 0.120833 0.370767
2 0.506641 0.494444 0.0210938 0.0333333 0.381646
2 0.439063 0.515972 0.025 0.0402778 0.401323
7 0.308594 0.920833 0.101562 0.155556 0.484398
2 0.547656 0.539583 0.028125 0.0347222 0.496569
2 0.445703 0.583333 0.0351562 0.0527778 0.524198
2 0.310156 0.91875 0.10625 0.1625 0.53936
7 0.959375 0.758333 0.08125 0.127778 0.572227
2 0.498047 0.541667 0.0289063 0.0361111 0.588499
2 0.732422 0.56875 0.0492188 0.0458333 0.682016
2 0.380469 0.633333 0.0390625 0.0722222 0.716134
2 0.580469 0.586111 0.0375 0.0555556 0.720024
2 0.531641 0.626389 0.0445312 0.0694444 0.76338
2 0.760938 0.856944 0.115625 0.161111 0.790243
2 0.460156 0.646528 0.05 0.0902778 0.79552
2 0.619922 0.672222 0.0617188 0.0888889 0.820505
2 0.360547 0.727083 0.0648438 0.120833 0.834451
2 0.49375 0.916667 0.0859375 0.161111 0.8424
