7 0.299219 0.926389 0.1125 0.141667 0.346472
7 0.408203 0.497917 0.0335938 0.1125 0.359267
2 0.458594 0.515972 0.028125 0.0402778 0.425428
2 0.529297 0.496528 0.0226563 0.0319444 0.460766
2 0.299609 0.926389 0.107031 0.141667 0.498994
2 0.509375 0.540972 0.0328125 0.0541667 0.536259
2 0.566016 0.542361 0.0320312 0.0458333 0.544948
2 0.383594 0.654861 0.059375 0.123611 0.625469
2 0.535547 0.586111 0.0351562 0.0611111 0.693471
2 0.465234 0.574306 0.0335938 0.0763889 0.708758
2 0.608594 0.600694 0.0453125 0.0736111 0.734098
2 0.727734 0.517361 0.0398437 0.0430556 0.737938
2 0.912109 0.715972 0.0898438 0.104167 0.815658
2 0.479297 0.670139 0.0570313 0.0986111 0.821686
2 0.80625 0.595139 0.0609375 0.0541667 0.822251
2 0.486719 0.945833 0.107813 0.102778 0.846861
2 0.647266 0.879861 0.108594 0.181944 0.859875
2 0.842578 0.925 0.157031 0.144444 0.864117
2 0.704687 0.730556 0.08125 0.113889 0.876938
