2 0.293359 0.971528 0.0945313 0.0541667 0.374508
2 0.524219 0.510417 0.021875 0.0402778 0.490068
2 0.398438 0.560417 0.0328125 0.0486111 0.586462
2 0.448047 0.536806 0.0289063 0.0430556 0.601307
2 0.855078 0.94375 0.158594 0.106944 0.621461
2 0.678125 0.528472 0.0390625 0.0402778 0.643592
2 0.512109 0.564583 0.0320312 0.0458333 0.693589
2 0.357812 0.766667 0.071875 0.136111 0.722385
2 0.566016 0.559722 0.0320312 0.05 0.732576
2 0.453125 0.613889 0.040625 0.0694444 0.743313
2 0.810938 0.627083 0.0703125 0.0680556 0.803989
2 0.603906 0.618056 0.05 0.0638889 0.815503
2 0.468359 0.69375 0.0570313 0.106944 0.82105
2 0.380469 0.659722 0.0453125 0.0777778 0.839592
2 0.555469 0.680556 0.0546875 0.0888889 0.851385
2 0.657812 0.728472 0.078125 0.109722 0.856607
2 0.955469 0.713889 0.0890625 0.0944444 0.890719
