2 0.657031 0.529861 0.03125 0.0375 0.28354
2 0.609766 0.459722 0.0320312 0.0333333 0.288132
2 0.382031 0.486806 0.021875 0.0347222 0.293394
2 0.445312 0.556944 0.034375 0.0527778 0.306409
2 0.458984 0.476389 0.0226563 0.0222222 0.32271
7 0.759375 0.846528 0.125 0.195833 0.466869
2 0.423047 0.479861 0.0273438 0.0402778 0.479416
2 0.782812 0.551389 0.0515625 0.0472222 0.505862
2 0.507812 0.49375 0.0234375 0.0347222 0.586785
2 0.548828 0.534028 0.0335938 0.0486111 0.615784
2 0.758594 0.848611 0.126563 0.197222 0.635283
2 0.378906 0.53125 0.0328125 0.0541667 0.650549
2 0.626172 0.658333 0.0617188 0.0861111 0.661723
2 0.776953 0.617361 0.0679687 0.0680556 0.694328
2 0.511719 0.585417 0.04375 0.0652778 0.744957
2 0.446094 0.595833 0.040625 0.0694444 0.763241
2 0.591016 0.755556 0.0882813 0.15 0.807814
2 0.944141 0.69375 0.105469 0.101389 0.818074
2 0.342187 0.779167 0.0765625 0.161111 0.836171
2 0.358203 0.631944 0.0460938 0.0777778 0.865745
