2 0.29375 0.977083 0.0921875 0.0458333 0.264931
2 0.855859 0.947222 0.153906 0.1 0.445096
2 0.525 0.5125 0.0234375 0.0416667 0.5274
2 0.449219 0.536806 0.0296875 0.0458333 0.541841
2 0.398438 0.5625 0.0328125 0.0527778 0.569294
2 0.675391 0.528472 0.0367187 0.0375 0.58516
2 0.512891 0.565278 0.0320312 0.05 0.661243
2 0.454297 0.616667 0.0398437 0.0666667 0.723379
2 0.567969 0.561111 0.0359375 0.0527778 0.727376
2 0.357422 0.769444 0.0726563 0.138889 0.728737
2 0.469531 0.699306 0.05625 0.104167 0.762526
2 0.802734 0.621528 0.0664062 0.0680556 0.800167
2 0.662109 0.732639 0.0804688 0.1125 0.841268
2 0.606641 0.620833 0.0507812 0.0638889 0.84526
2 0.380469 0.661806 0.0453125 0.0763889 0.859083
2 0.556641 0.684722 0.0570313 0.0916667 0.863966
2 0.947656 0.702778 0.101562 0.0944444 0.891581
