2 0.501562 0.481944 0.0234375 0.025 0.310816
2 0.383594 0.513889 0.0265625 0.0361111 0.346143
2 0.382422 0.461806 0.0210938 0.0347222 0.396431
2 0.470313 0.49375 0.021875 0.0291667 0.398535
2 0.450781 0.595139 0.0375 0.0597222 0.465326
2 0.430469 0.500694 0.0328125 0.0486111 0.540502
2 0.692578 0.502778 0.0398437 0.0444444 0.550596
2 0.524219 0.515972 0.0265625 0.0402778 0.578413
2 0.657812 0.531944 0.0390625 0.0388889 0.614806
2 0.884375 0.960417 0.145313 0.0791667 0.644129
2 0.572266 0.570833 0.0398437 0.0555556 0.705931
2 0.376563 0.568056 0.040625 0.0638889 0.716383
2 0.455469 0.659028 0.053125 0.0847222 0.804743
2 0.534375 0.640278 0.05625 0.0861111 0.815937
2 0.351562 0.688889 0.05625 0.0944444 0.819101
2 0.682813 0.744444 0.090625 0.119444 0.831662
2 0.765234 0.572917 0.0570313 0.0569444 0.849775
2 0.31875 0.904861 0.101562 0.184722 0.851766
2 0.667188 0.903472 0.1375 0.190278 0.880379
