2 0.410156 0.529167 0.0328125 0.0527778 0.264401
2 0.455469 0.515278 0.028125 0.0388889 0.318315
7 0.408203 0.494444 0.0335938 0.108333 0.33692
2 0.528516 0.497917 0.0226563 0.0291667 0.359382
7 0.301953 0.923611 0.108594 0.15 0.39497
2 0.564844 0.542361 0.03125 0.0430556 0.413707
2 0.508594 0.540278 0.0328125 0.0527778 0.441705
2 0.304297 0.91875 0.108594 0.145833 0.526627
2 0.732813 0.520139 0.0390625 0.0430556 0.606728
2 0.465234 0.572917 0.0335938 0.0763889 0.656398
2 0.533984 0.586806 0.0351562 0.0597222 0.678705
2 0.607422 0.597222 0.0429688 0.075 0.713198
2 0.383203 0.661806 0.0554687 0.104167 0.733572
2 0.812891 0.601389 0.0617188 0.0555556 0.771408
2 0.920313 0.727083 0.10625 0.1125 0.786861
2 0.478906 0.665972 0.05625 0.101389 0.801664
2 0.484766 0.938194 0.105469 0.115278 0.837624
2 0.700781 0.727083 0.0796875 0.109722 0.859981
2 0.642578 0.870833 0.105469 0.172222 0.867998
2 0.841016 0.921528 0.160156 0.151389 0.873495
