2 0.507031 0.461111 0.021875 0.0305556 0.250579
2 0.490625 0.4875 0.0234375 0.0277778 0.276943
2 0.551953 0.577778 0.0804688 0.0722222 0.3361
2 0.861719 0.667361 0.084375 0.0652778 0.554222
2 0.455078 0.500694 0.0273438 0.0430556 0.560026
2 0.742188 0.509028 0.0421875 0.0430556 0.578551
2 0.537891 0.493056 0.0273438 0.0361111 0.630434
2 0.622656 0.611111 0.053125 0.0833333 0.632241
2 0.76875 0.822917 0.114063 0.168056 0.692711
2 0.515625 0.542361 0.03125 0.0430556 0.695287
7 0.341016 0.736806 0.128906 0.3375 0.698936
2 0.466406 0.554861 0.0359375 0.0513889 0.721669
2 0.539844 0.588194 0.04375 0.0763889 0.738955
2 0.586719 0.554167 0.0375 0.05 0.739629
2 0.664453 0.667361 0.0679687 0.104167 0.767697
2 0.474609 0.613889 0.0414063 0.0694444 0.784848
2 0.579297 0.684722 0.0617188 0.0972222 0.817595
2 0.496094 0.751389 0.065625 0.125 0.857934
