25 0.0191406 0.738194 0.0382813 0.101389 0.27723
2 0.706641 0.495139 0.0335938 0.0402778 0.31721
2 0.466797 0.452778 0.0210938 0.0305556 0.378149
9 0.70625 0.494444 0.0328125 0.0416667 0.381128
2 0.496094 0.495139 0.0234375 0.0291667 0.38929
2 0.520703 0.552778 0.0320312 0.0472222 0.521431
2 0.457422 0.506944 0.0273438 0.0444444 0.54597
2 0.541406 0.498611 0.0265625 0.0361111 0.596372
2 0.629297 0.615972 0.0523437 0.0847222 0.596537
2 0.671094 0.678472 0.071875 0.101389 0.625945
2 0.469531 0.564583 0.0359375 0.0513889 0.627251
2 0.592578 0.561806 0.0367187 0.0513889 0.656726
7 0.333203 0.778472 0.133594 0.381944 0.668574
5 0.332422 0.777083 0.133594 0.3875 0.701574
2 0.477734 0.632639 0.0429688 0.0708333 0.730044
2 0.774609 0.609722 0.0617188 0.0638889 0.732204
2 0.546875 0.603472 0.046875 0.0819444 0.788898
2 0.589844 0.715972 0.06875 0.104167 0.802686
2 0.503125 0.799306 0.071875 0.143056 0.871374
2 0.791016 0.852083 0.124219 0.184722 0.876712
