7 0.292969 0.948611 0.103125 0.0777778 0.286709
2 0.464844 0.531944 0.0375 0.1 0.303323
7 0.736719 0.756944 0.096875 0.180556 0.311276
2 0.686328 0.479167 0.0320312 0.0361111 0.316628
2 0.566406 0.520833 0.0328125 0.0472222 0.325723
2 0.736328 0.756944 0.0976562 0.183333 0.358209
2 0.291797 0.949306 0.102344 0.0847222 0.415919
2 0.401953 0.602778 0.0460938 0.0805556 0.424171
2 0.517187 0.534028 0.0328125 0.0513889 0.426783
2 0.596094 0.566667 0.0359375 0.0583333 0.45398
5 0.735156 0.755556 0.096875 0.186111 0.455778
7 0.465625 0.532639 0.0390625 0.0986111 0.466952
5 0.400391 0.511806 0.0445312 0.126389 0.539563
2 0.748438 0.541667 0.05 0.05 0.551335
2 0.9875 0.663194 0.025 0.0430556 0.614733
2 0.349219 0.7625 0.075 0.130556 0.630983
2 0.888281 0.943056 0.165625 0.111111 0.69517
2 0.560156 0.615972 0.053125 0.0819444 0.718444
2 0.651953 0.65625 0.0632813 0.0930556 0.730786
2 0.488281 0.782639 0.0671875 0.170833 0.770872
2 0.483594 0.63125 0.05 0.0847222 0.781595
2 0.590625 0.753472 0.084375 0.148611 0.799117
2 0.920313 0.690972 0.10625 0.0958333 0.86029
