2 0.451172 0.4875 0.0242187 0.0305556 0.295133
7 0.251563 0.834722 0.242188 0.327778 0.305225
7 0.642578 0.639583 0.0664062 0.0986111 0.317394
2 0.407813 0.552083 0.03125 0.0430556 0.321786
2 0.523828 0.484028 0.0242187 0.0319444 0.343866
25 0.0246094 0.740972 0.0492188 0.109722 0.353461
9 0.623438 0.45625 0.015625 0.0291667 0.365129
7 0.378906 0.722917 0.059375 0.1125 0.420486
2 0.379297 0.722917 0.0601562 0.115278 0.444929
2 0.478906 0.472222 0.0203125 0.0277778 0.447964
7 0.694531 0.720139 0.0859375 0.126389 0.475808
7 0.570312 0.668056 0.0609375 0.111111 0.476632
2 0.570703 0.666667 0.0601562 0.111111 0.481559
2 0.696484 0.719444 0.0851562 0.125 0.497265
2 0.510547 0.523611 0.0289063 0.0388889 0.531241
2 0.553516 0.5125 0.0273438 0.0388889 0.585345
2 0.642187 0.638194 0.0640625 0.0930556 0.607502
2 0.601953 0.582639 0.0414063 0.0541667 0.608574
2 0.913281 0.952778 0.160938 0.0916667 0.679529
2 0.833984 0.601389 0.0554687 0.0638889 0.681708
2 0.461328 0.536111 0.0304688 0.0444444 0.714995
2 0.399219 0.607639 0.0390625 0.0652778 0.724189
2 0.532812 0.586111 0.0375 0.0555556 0.761329
2 0.475391 0.606944 0.0414063 0.0666667 0.790272
2 0.961719 0.698611 0.0765625 0.102778 0.817567
2 0.637109 0.854861 0.0976562 0.165278 0.827963
2 0.485156 0.714583 0.05625 0.104167 0.835802
