2 0.824009 0.528761 0.0675991 0.0929204 0.253116
2 0.0524476 0.529867 0.0699301 0.0995575 0.25903
2 0.555944 0.504425 0.0699301 0.10177 0.267842
7 0.388112 0.142699 0.039627 0.0818584 0.279596
9 0.790793 0.169248 0.0198135 0.0818584 0.327346
2 0.16317 0.471239 0.0675991 0.110619 0.328801
2 0.0641026 0.672566 0.0839161 0.154867 0.334613
2 0.229021 0.965708 0.113054 0.0641593 0.338864
2 0.532051 0.966814 0.12704 0.0663717 0.343099
2 0.402098 0.673673 0.0885781 0.121681 0.37393
2 0.871795 0.56969 0.0745921 0.0995575 0.376812
2 0.981352 0.559735 0.037296 0.115044 0.404611
2 0.0594406 0.596239 0.0769231 0.121681 0.414319
2 0.607809 0.54646 0.0757576 0.10177 0.429832
2 0.197552 0.533186 0.0780886 0.106195 0.484047
2 0.146853 0.889381 0.130536 0.212389 0.49405
2 0.212121 0.613938 0.0839161 0.134956 0.497026
2 0.465618 0.748894 0.101399 0.134956 0.528257
2 0.699883 0.946903 0.145688 0.0884956 0.531544
2 0.763403 0.582965 0.0862471 0.112832 0.55976
2 0.657343 0.609513 0.0769231 0.126106 0.567322
7 0.144522 0.256637 0.0652681 0.181416 0.59964
2 0.922494 0.811947 0.136364 0.190265 0.623364
2 0.940559 0.623894 0.0722611 0.115044 0.628461
2 0.747086 0.672566 0.102564 0.132743 0.636518
2 0.111888 0.732301 0.104895 0.172566 0.686112
7 0.0868298 0.297566 0.0804196 0.196903 0.694042
2 0.252331 0.689159 0.0967366 0.130531 0.69958
7 0.715035 0.337389 0.122378 0.227876 0.727392
2 0.881119 0.678097 0.102564 0.126106 0.73086
2 0.539044 0.840708 0.129371 0.199115 0.762526
2 0.328089 0.798673 0.115385 0.172566 0.762642
