2 0.491797 0.476389 0.0257812 0.0305556 0.343173
2 0.419531 0.465972 0.021875 0.0291667 0.347527
2 0.383984 0.498611 0.0289063 0.0611111 0.495275
2 0.625391 0.48125 0.0304688 0.0291667 0.524265
2 0.685156 0.495139 0.0390625 0.0402778 0.549157
2 0.790234 0.638889 0.0710938 0.0611111 0.578485
2 0.527734 0.508333 0.0273438 0.0388889 0.586798
2 0.985937 0.675 0.028125 0.0638889 0.668753
2 0.4375 0.541667 0.03125 0.0611111 0.688061
2 0.583203 0.592361 0.0460938 0.0625 0.775959
2 0.493359 0.540278 0.0351562 0.0527778 0.786346
2 0.469141 0.85625 0.0851562 0.176389 0.82702
2 0.675781 0.922917 0.14375 0.154167 0.838858
2 0.367578 0.577778 0.0382813 0.0583333 0.847839
2 0.361328 0.684028 0.0585938 0.109722 0.848321
2 0.541406 0.638194 0.059375 0.0930556 0.848401
2 0.662891 0.703472 0.0804688 0.120833 0.848954
