2 0.458984 0.519444 0.0320312 0.0388889 0.310547
2 0.730469 0.488889 0.034375 0.0333333 0.358622
7 0.513672 0.845139 0.121094 0.295833 0.411652
2 0.526172 0.479167 0.0242187 0.0305556 0.432499
2 0.449609 0.489583 0.0226563 0.0319444 0.450547
7 0.330469 0.94375 0.101562 0.104167 0.500319
2 0.617188 0.603472 0.046875 0.0763889 0.56819
5 0.5125 0.845139 0.121875 0.295833 0.583838
2 0.461328 0.536806 0.0351562 0.0458333 0.59605
2 0.503125 0.517361 0.028125 0.0430556 0.604613
2 0.576563 0.539583 0.0328125 0.0486111 0.650776
2 0.526953 0.560417 0.0351562 0.0680556 0.660961
2 0.653906 0.654861 0.0625 0.0902778 0.749093
2 0.4875 0.66875 0.0515625 0.0736111 0.75419
2 0.467578 0.585417 0.0367187 0.0597222 0.765666
2 0.560547 0.640972 0.0507812 0.0763889 0.784357
2 0.738281 0.780556 0.103125 0.147222 0.821961
2 0.648438 0.879861 0.107813 0.184722 0.867482
5 0.35625 0.671528 0.10625 0.273611 0.872259
