2 0.451953 0.515278 0.0257812 0.0527778 0.321334
2 0.555859 0.534722 0.0273438 0.0472222 0.397762
2 0.772656 0.544444 0.0484375 0.0527778 0.503436
2 0.331641 0.895833 0.100781 0.2 0.610317
2 0.670313 0.517361 0.0375 0.0430556 0.61931
2 0.724219 0.552778 0.040625 0.0444444 0.6583
2 0.463672 0.580556 0.0351562 0.0583333 0.658976
2 0.9875 0.639583 0.025 0.0486111 0.684665
2 0.398828 0.595833 0.0382813 0.0694444 0.700784
2 0.609766 0.609722 0.0476562 0.0638889 0.759721
2 0.542578 0.620833 0.0445312 0.0666667 0.781995
2 0.778516 0.911111 0.141406 0.177778 0.827404
2 0.376563 0.710417 0.0546875 0.0958333 0.830242
2 0.668359 0.701389 0.0742188 0.0944444 0.833073
2 0.488672 0.831944 0.0867188 0.175 0.845231
2 0.466016 0.685417 0.0507812 0.0930556 0.85172
2 0.638281 0.888889 0.103125 0.175 0.89317
