2 0.522656 0.492361 0.021875 0.0291667 0.264197
7 0.446875 0.470139 0.0296875 0.0597222 0.2861
9 0.604688 0.484028 0.009375 0.0458333 0.306331
2 0.558203 0.5375 0.0320312 0.0444444 0.378802
7 0.408594 0.490278 0.0328125 0.102778 0.440579
2 0.316797 0.9 0.0992187 0.183333 0.498166
2 0.4625 0.563889 0.0328125 0.0666667 0.537129
2 0.505078 0.536111 0.0304688 0.0416667 0.57697
7 0.315234 0.904167 0.100781 0.180556 0.584972
2 0.528906 0.58125 0.034375 0.0541667 0.625845
2 0.599219 0.584028 0.04375 0.0736111 0.665997
2 0.387109 0.651389 0.0539063 0.0972222 0.69442
2 0.765234 0.538194 0.0445312 0.0486111 0.70467
2 0.875391 0.642361 0.0789063 0.0680556 0.721645
2 0.979297 0.791667 0.0414063 0.0666667 0.752228
2 0.477734 0.652778 0.0523437 0.0916667 0.798729
2 0.685156 0.707639 0.0765625 0.104167 0.857423
2 0.482031 0.911806 0.0984375 0.176389 0.876481
2 0.620313 0.809028 0.090625 0.143056 0.884852
2 0.816016 0.904861 0.147656 0.179167 0.885814
