2 0.463281 0.494444 0.0265625 0.0361111 0.310963
2 0.532422 0.528472 0.0335938 0.0430556 0.346572
2 0.372266 0.520833 0.0304688 0.0361111 0.357683
2 0.421484 0.496528 0.0257812 0.0458333 0.500206
2 0.493359 0.545139 0.0351562 0.0597222 0.556845
7 0.328125 0.772222 0.0734375 0.136111 0.562461
2 0.327734 0.772917 0.0726563 0.134722 0.575752
2 0.698047 0.564583 0.0445312 0.0541667 0.601825
2 0.664844 0.5125 0.0421875 0.05 0.665074
2 0.375391 0.586806 0.0367187 0.0680556 0.68902
2 0.442578 0.627083 0.0445312 0.0847222 0.728066
2 0.571875 0.586111 0.0453125 0.0666667 0.769236
2 0.439453 0.725694 0.0601562 0.118056 0.795099
2 0.834766 0.627083 0.0710938 0.0625 0.80089
2 0.65625 0.708333 0.084375 0.111111 0.814211
2 0.968359 0.64375 0.0632813 0.0763889 0.816301
2 0.539453 0.657639 0.0601562 0.106944 0.841193
2 0.783594 0.91875 0.13125 0.159722 0.899304
