2 0.410156 0.545139 0.0359375 0.0736111 0.250309
2 0.466406 0.548611 0.0296875 0.0416667 0.259082
2 0.820703 0.559028 0.0367187 0.0597222 0.276121
2 0.64375 0.4625 0.025 0.0305556 0.286912
5 0.469141 0.345833 0.0476562 0.0361111 0.310242
7 0.410156 0.534028 0.0375 0.0986111 0.318955
7 0.409766 0.491667 0.0398437 0.116667 0.384218
2 0.664062 0.497917 0.03125 0.0347222 0.435849
2 0.517187 0.529861 0.0328125 0.0430556 0.483003
2 0.552734 0.516667 0.0289063 0.0416667 0.549907
7 0.453516 0.486806 0.0273438 0.0791667 0.566233
2 0.933594 0.709722 0.125 0.102778 0.608698
2 0.901953 0.569444 0.0304688 0.0555556 0.628119
2 0.530078 0.586806 0.0382813 0.0625 0.644967
2 0.961328 0.697222 0.0757812 0.0916667 0.663353
2 0.3625 0.74375 0.071875 0.1375 0.666815
2 0.594531 0.579861 0.04375 0.0680556 0.682002
2 0.384766 0.636806 0.0460938 0.0708333 0.708565
2 0.651953 0.65625 0.0601562 0.0930556 0.725191
2 0.471094 0.622222 0.040625 0.0944444 0.734363
2 0.766406 0.565278 0.0546875 0.0527778 0.781284
2 0.779297 0.8375 0.116406 0.163889 0.799078
2 0.566406 0.660417 0.053125 0.0847222 0.811076
2 0.492969 0.777778 0.078125 0.161111 0.852983
