2 0.684766 0.561806 0.0304688 0.0458333 0.433887
2 0.435156 0.50625 0.025 0.0402778 0.474006
7 0.727734 0.807639 0.100781 0.140278 0.485239
2 0.539062 0.53125 0.025 0.0347222 0.535404
2 0.728125 0.807639 0.101562 0.143056 0.548216
2 0.44375 0.575 0.0359375 0.0583333 0.568871
2 0.493359 0.532639 0.0304688 0.0375 0.628056
2 0.314844 0.904167 0.096875 0.177778 0.646209
2 0.485547 0.870833 0.0789063 0.166667 0.670257
2 0.571875 0.570833 0.0359375 0.0527778 0.703622
2 0.362109 0.711111 0.0632813 0.116667 0.76618
2 0.605078 0.649306 0.0539063 0.0763889 0.788204
2 0.767578 0.589583 0.0570313 0.0541667 0.791917
2 0.380859 0.623611 0.0367187 0.0666667 0.799404
2 0.458203 0.629861 0.0460938 0.0791667 0.801606
2 0.523828 0.60625 0.0398437 0.0597222 0.814417
