2 0.496484 0.447917 0.0179687 0.0263889 0.257205
2 0.452344 0.519444 0.03125 0.0444444 0.260738
2 0.591406 0.572917 0.0453125 0.0680556 0.266057
2 0.767969 0.527083 0.05 0.0708333 0.266556
2 0.764453 0.505556 0.0429688 0.0416667 0.274392
2 0.671484 0.492361 0.0398437 0.0458333 0.277677
2 0.472266 0.633333 0.0632813 0.163889 0.292048
2 0.492578 0.495833 0.0273438 0.0444444 0.310304
2 0.539453 0.497917 0.0273438 0.0347222 0.344181
25 0.0234375 0.738194 0.046875 0.104167 0.351334
5 0.471875 0.629861 0.065625 0.168056 0.35262
7 0.808594 0.86875 0.13125 0.2375 0.46798
2 0.518359 0.550694 0.0335938 0.0541667 0.493981
2 0.625 0.620833 0.053125 0.0777778 0.670284
2 0.378516 0.717361 0.0679687 0.134722 0.674327
2 0.548437 0.629167 0.05 0.0805556 0.729963
2 0.772656 0.566667 0.05625 0.0527778 0.757575
2 0.896875 0.601389 0.06875 0.0666667 0.792177
2 0.500391 0.861111 0.0867188 0.188889 0.806316
2 0.909766 0.707639 0.100781 0.104167 0.819021
5 0.381641 0.563889 0.0679687 0.169444 0.82857
2 0.672656 0.889583 0.128125 0.209722 0.86642
2 0.691016 0.722917 0.0804688 0.118056 0.872197
