2 0.544141 0.531944 0.0242187 0.0388889 0.262469
2 0.808594 0.584722 0.0578125 0.0611111 0.27248
2 0.409375 0.514583 0.0234375 0.0402778 0.302743
25 0.0167969 0.756944 0.0335938 0.1 0.302786
2 0.317578 0.915278 0.105469 0.169444 0.483247
2 0.582812 0.563194 0.0328125 0.0513889 0.486883
2 0.873047 0.685417 0.0992187 0.106944 0.52533
7 0.317969 0.914583 0.103125 0.168056 0.538652
2 0.503125 0.529861 0.028125 0.0458333 0.551128
2 0.522656 0.584722 0.0375 0.0527778 0.600018
2 0.452344 0.536111 0.028125 0.0416667 0.608645
2 0.398047 0.583333 0.0351562 0.0638889 0.695923
2 0.801562 0.611111 0.0625 0.0583333 0.736795
2 0.808984 0.9125 0.132031 0.175 0.762267
2 0.471875 0.640278 0.0421875 0.0805556 0.770882
2 0.379297 0.677778 0.0523437 0.0861111 0.779984
2 0.560547 0.661806 0.0539063 0.0930556 0.784937
2 0.617969 0.621528 0.05 0.0763889 0.788018
2 0.480469 0.843056 0.084375 0.183333 0.82952
