2 0.405469 0.5 0.0234375 0.0416667 0.272371
2 0.499609 0.5625 0.0539063 0.0527778 0.281654
7 0.348047 0.806944 0.0757812 0.155556 0.374739
2 0.490625 0.511111 0.0265625 0.0388889 0.400771
2 0.978906 0.729861 0.0421875 0.109722 0.443681
2 0.526172 0.514583 0.0226563 0.0319444 0.461335
2 0.563281 0.540278 0.0328125 0.0416667 0.47962
2 0.348437 0.804861 0.0765625 0.151389 0.52922
2 0.507812 0.553472 0.0328125 0.0458333 0.551311
2 0.445312 0.513194 0.0203125 0.0375 0.569632
2 0.4 0.551389 0.0296875 0.0527778 0.631924
2 0.705078 0.759722 0.0789063 0.111111 0.638451
2 0.3875 0.620139 0.0421875 0.0708333 0.696273
2 0.4625 0.586806 0.0359375 0.0597222 0.723059
2 0.535156 0.604861 0.0421875 0.0625 0.787206
2 0.644141 0.843056 0.102344 0.197222 0.787895
2 0.590234 0.583333 0.0414063 0.0611111 0.788119
2 0.467578 0.715278 0.0617188 0.119444 0.849878
