2 0.404687 0.501389 0.0234375 0.0333333 0.350181
7 0.757812 0.829861 0.121875 0.1875 0.485573
7 0.307031 0.925 0.101562 0.147222 0.505855
2 0.758594 0.830556 0.123438 0.188889 0.520493
2 0.503516 0.518056 0.0289063 0.05 0.52668
2 0.308203 0.921528 0.102344 0.154167 0.55331
2 0.559766 0.540972 0.0320312 0.0402778 0.56192
2 0.440625 0.520833 0.028125 0.0583333 0.588626
2 0.689844 0.526389 0.0375 0.0388889 0.598986
5 0.660156 0.341667 0.140625 0.075 0.609004
2 0.394922 0.570139 0.0351562 0.0541667 0.659547
2 0.360547 0.703472 0.0648438 0.120833 0.721577
2 0.581641 0.588194 0.0351562 0.0541667 0.722759
2 0.527344 0.590278 0.040625 0.0638889 0.754402
2 0.658984 0.668056 0.0679687 0.0916667 0.765247
2 0.485547 0.918056 0.0976562 0.15 0.785292
2 0.462891 0.621528 0.0445312 0.0791667 0.813655
2 0.580469 0.757639 0.075 0.129167 0.85607
