2 0.570703 0.544444 0.0320312 0.05 0.271764
2 0.474219 0.581944 0.034375 0.05 0.278553
2 0.585938 0.624306 0.117188 0.0708333 0.278683
2 0.757812 0.578472 0.075 0.0680556 0.325898
2 0.671875 0.50625 0.03125 0.0402778 0.359967
7 0.459375 0.510417 0.0328125 0.0819444 0.471615
5 0.406641 0.526389 0.0414063 0.152778 0.532554
2 0.477344 0.661806 0.046875 0.115278 0.558633
7 0.684375 0.694444 0.075 0.141667 0.572513
2 0.532031 0.560417 0.0375 0.0541667 0.575213
2 0.546484 0.629861 0.0507812 0.0791667 0.711176
2 0.831641 0.908333 0.144531 0.183333 0.739001
2 0.342187 0.83125 0.09375 0.181944 0.740882
2 0.373828 0.68125 0.0570313 0.0930556 0.776676
2 0.617578 0.618056 0.0507812 0.0722222 0.784407
2 0.507031 0.911111 0.110937 0.175 0.814678
2 0.605469 0.752778 0.0765625 0.133333 0.845948
