5 0.769922 0.326389 0.127344 0.0638889 0.266461
25 0.0128906 0.718056 0.0257812 0.0861111 0.297335
2 0.655469 0.460417 0.0265625 0.0263889 0.298995
5 0.753906 0.779167 0.101562 0.194444 0.311909
2 0.752344 0.774306 0.107813 0.198611 0.422513
2 0.886328 0.594444 0.0554687 0.05 0.430147
2 0.569922 0.526389 0.0304688 0.0527778 0.460482
2 0.601953 0.583333 0.0398437 0.0555556 0.473363
2 0.490625 0.829861 0.0734375 0.1625 0.485599
2 0.896875 0.954861 0.153125 0.0902778 0.591198
5 0.465625 0.544444 0.0421875 0.111111 0.596782
2 0.522266 0.545833 0.0320312 0.0527778 0.664943
2 0.396094 0.620139 0.0484375 0.0930556 0.706318
2 0.571875 0.65 0.0609375 0.1 0.720664
2 0.494141 0.895833 0.0804688 0.194444 0.757861
2 0.486328 0.656944 0.0554687 0.0972222 0.779379
5 0.397266 0.514583 0.0492188 0.123611 0.798392
2 0.660937 0.671528 0.06875 0.101389 0.802318
2 0.335938 0.806944 0.084375 0.158333 0.805333
2 0.789453 0.5875 0.0632813 0.0611111 0.82434
2 0.951953 0.667361 0.0960938 0.0875 0.872668
2 0.61875 0.843056 0.10625 0.197222 0.897193
