2 0.688672 0.509028 0.0382813 0.0375 0.262097
2 0.484766 0.488889 0.0210938 0.0333333 0.262477
2 0.439453 0.463889 0.0257812 0.0333333 0.348132
2 0.507031 0.459722 0.0171875 0.0277778 0.352688
2 0.601172 0.584028 0.0492188 0.0763889 0.354473
7 0.48125 0.692361 0.0734375 0.195833 0.401045
2 0.503906 0.51875 0.0296875 0.0486111 0.497541
2 0.551953 0.514583 0.0289063 0.0402778 0.556382
2 0.480078 0.69375 0.0710938 0.215278 0.569427
2 0.742969 0.579167 0.05625 0.0611111 0.591757
2 0.459766 0.544444 0.0335938 0.0555556 0.595557
2 0.532812 0.58125 0.0390625 0.0597222 0.640561
2 0.513672 0.9625 0.0960938 0.0638889 0.650036
2 0.750391 0.518056 0.0398437 0.0416667 0.660743
2 0.860937 0.904861 0.15625 0.184722 0.660962
2 0.635156 0.635417 0.059375 0.0847222 0.770923
2 0.914062 0.577083 0.053125 0.0513889 0.798817
2 0.570703 0.686111 0.0632813 0.1 0.826553
2 0.70625 0.742361 0.0875 0.134722 0.838648
2 0.367578 0.790278 0.0835937 0.161111 0.840879
5 0.375391 0.597222 0.0804688 0.194444 0.843995
