2 0.374219 0.494444 0.025 0.0361111 0.269451
2 0.45625 0.477083 0.0234375 0.0319444 0.31862
2 0.48125 0.461806 0.021875 0.0319444 0.320668
2 0.417969 0.483333 0.025 0.0388889 0.446477
2 0.550391 0.553472 0.0382813 0.0541667 0.497535
2 0.482031 0.517361 0.0328125 0.0513889 0.592493
2 0.377734 0.553472 0.0335938 0.0569444 0.692543
2 0.438281 0.573611 0.0375 0.0611111 0.704812
2 0.465234 0.948611 0.0960938 0.0944444 0.706959
2 0.518359 0.600694 0.0476562 0.0819444 0.739525
2 0.749219 0.564583 0.05625 0.0652778 0.746739
2 0.434766 0.645833 0.0507812 0.0916667 0.754556
2 0.626562 0.892361 0.11875 0.209722 0.764874
2 0.612891 0.644444 0.0617188 0.075 0.785647
2 0.344531 0.697917 0.0578125 0.104167 0.815109
2 0.807031 0.648611 0.0875 0.0833333 0.816654
2 0.687109 0.781944 0.0898438 0.136111 0.867849
