9 0.603125 0.46875 0.0078125 0.0458333 0.251349
2 0.442578 0.470139 0.0226563 0.0375 0.251536
2 0.694531 0.540278 0.0328125 0.0388889 0.271749
7 0.907031 0.929861 0.164062 0.131944 0.382442
2 0.490625 0.497917 0.0234375 0.0347222 0.401289
25 0.0226563 0.734028 0.04375 0.106944 0.43936
2 0.512109 0.468056 0.0210938 0.0277778 0.462075
2 0.455469 0.51875 0.0328125 0.0569444 0.473576
2 0.606641 0.590278 0.0492188 0.0694444 0.489466
2 0.489844 0.736806 0.0828125 0.254167 0.500879
2 0.560938 0.520833 0.0296875 0.0472222 0.582652
2 0.511719 0.53125 0.03125 0.0541667 0.589116
2 0.461328 0.55625 0.0367187 0.0569444 0.629247
2 0.357031 0.855556 0.0921875 0.191667 0.759208
2 0.715234 0.752083 0.0914062 0.140278 0.76591
2 0.542188 0.6 0.0421875 0.0638889 0.782006
2 0.640234 0.640972 0.0601562 0.0847222 0.797543
5 0.369531 0.620833 0.0875 0.219444 0.859615
2 0.587891 0.734028 0.0773437 0.123611 0.870007
