2 0.530859 0.493056 0.0242187 0.0305556 0.288324
25 0.0222656 0.735417 0.0429688 0.104167 0.317104
2 0.483203 0.483333 0.0226563 0.0333333 0.363314
2 0.451562 0.495139 0.0234375 0.0347222 0.39148
7 0.591016 0.720833 0.0757812 0.141667 0.407975
2 0.591016 0.720139 0.0757812 0.140278 0.521791
7 0.360938 0.798611 0.0734375 0.144444 0.526752
2 0.558594 0.51875 0.0296875 0.0430556 0.534355
2 0.696094 0.518056 0.040625 0.0416667 0.576077
2 0.516406 0.540972 0.0296875 0.0402778 0.641233
2 0.4625 0.550694 0.0328125 0.0541667 0.648761
2 0.731641 0.778472 0.103906 0.145833 0.682219
2 0.655078 0.661111 0.0679687 0.0916667 0.702825
2 0.60625 0.588194 0.0453125 0.0597222 0.713172
2 0.680859 0.945833 0.121094 0.105556 0.717964
2 0.389062 0.641667 0.046875 0.0833333 0.73558
2 0.780469 0.561111 0.05 0.0527778 0.738694
2 0.478125 0.646528 0.0515625 0.0819444 0.800551
2 0.5375 0.607639 0.0453125 0.0597222 0.814764
2 0.490625 0.818056 0.0734375 0.152778 0.832817
