2 0.452734 0.463889 0.0242187 0.0333333 0.296382
2 0.419141 0.473611 0.0179687 0.0305556 0.299994
2 0.437109 0.533333 0.0320312 0.0333333 0.347287
2 0.388281 0.526389 0.0328125 0.05 0.396637
2 0.507812 0.497917 0.0296875 0.0375 0.460075
7 0.303906 0.883333 0.103125 0.205556 0.470685
2 0.478125 0.503472 0.028125 0.0430556 0.471092
2 0.303906 0.881944 0.101562 0.205556 0.478289
2 0.535156 0.527778 0.0328125 0.0444444 0.517492
2 0.435937 0.581944 0.0390625 0.0722222 0.72562
2 0.976172 0.725694 0.0476562 0.0930556 0.741529
2 0.58125 0.590278 0.0453125 0.0583333 0.75738
2 0.620703 0.668056 0.0570313 0.0861111 0.763498
2 0.508203 0.559722 0.0367187 0.0611111 0.806074
2 0.782812 0.856944 0.129688 0.186111 0.824474
2 0.366797 0.6375 0.0460938 0.0777778 0.845363
2 0.461328 0.773611 0.0679687 0.141667 0.850696
2 0.560156 0.700694 0.06875 0.1125 0.865932
