2 0.422266 0.475694 0.0257812 0.0291667 0.420275
2 0.499609 0.482639 0.0226563 0.0347222 0.436616
2 0.636719 0.46875 0.034375 0.0430556 0.447964
2 0.539844 0.520139 0.0296875 0.0430556 0.627761
2 0.382422 0.509722 0.0304688 0.0666667 0.655005
2 0.476953 0.946528 0.0976562 0.101389 0.708725
2 0.871484 0.594444 0.0492188 0.0638889 0.755365
2 0.442187 0.565278 0.0375 0.0666667 0.770166
2 0.896484 0.720833 0.108594 0.111111 0.77931
2 0.605078 0.626389 0.0570313 0.0777778 0.780216
2 0.352734 0.734722 0.0679687 0.130556 0.795489
2 0.566406 0.694444 0.071875 0.116667 0.805891
2 0.361328 0.607639 0.0429688 0.0680556 0.812716
2 0.503125 0.563194 0.0375 0.0569444 0.843287
2 0.709375 0.772917 0.101562 0.156944 0.846093
