2 0.548828 0.552083 0.0320312 0.0458333 0.263078
2 0.408203 0.457639 0.0242187 0.0263889 0.374926
2 0.380078 0.495833 0.0242187 0.0361111 0.40139
2 0.639844 0.524306 0.034375 0.0430556 0.449057
2 0.473828 0.513889 0.0289063 0.0388889 0.47364
2 0.507812 0.573611 0.04375 0.0666667 0.614625
2 0.449219 0.68125 0.0546875 0.0986111 0.633552
2 0.310156 0.864583 0.0984375 0.176389 0.646603
2 0.428125 0.513194 0.0296875 0.0513889 0.679542
2 0.371875 0.540278 0.0296875 0.0472222 0.70001
2 0.446484 0.823611 0.0835937 0.188889 0.787573
2 0.374609 0.622222 0.0414063 0.0805556 0.80169
2 0.594531 0.61875 0.05625 0.0763889 0.801711
2 0.569141 0.731944 0.0804688 0.144444 0.84003
2 0.732813 0.561111 0.05 0.0472222 0.866486
2 0.715625 0.789583 0.104687 0.143056 0.870136
