2 0.470703 0.471528 0.0195312 0.0319444 0.257119
2 0.572656 0.546528 0.0484375 0.0486111 0.348378
2 0.678125 0.5 0.028125 0.0333333 0.393063
2 0.524219 0.513194 0.021875 0.0291667 0.413109
2 0.488672 0.509722 0.0242187 0.0388889 0.527082
2 0.444531 0.509722 0.021875 0.0416667 0.533384
2 0.561719 0.5375 0.0328125 0.0416667 0.55042
2 0.400781 0.547222 0.0296875 0.0527778 0.575851
2 0.505078 0.55 0.0289063 0.0416667 0.578456
2 0.351953 0.791667 0.0757812 0.144444 0.621985
2 0.388281 0.614583 0.040625 0.0652778 0.665357
2 0.461328 0.582639 0.0367187 0.0569444 0.752761
2 0.532812 0.598611 0.0390625 0.0666667 0.760328
2 0.632422 0.821528 0.0929687 0.176389 0.773532
2 0.587109 0.580556 0.0429688 0.0583333 0.822255
2 0.696094 0.746528 0.0796875 0.109722 0.826753
2 0.466016 0.706944 0.0617188 0.113889 0.870745
