2 0.408984 0.513194 0.0226563 0.0430556 0.307308
25 0.01875 0.759028 0.0375 0.0986111 0.338906
2 0.501172 0.526389 0.0257812 0.0416667 0.424738
2 0.778906 0.872222 0.117188 0.161111 0.436756
2 0.576953 0.557639 0.0304688 0.0458333 0.493692
2 0.324609 0.895139 0.100781 0.190278 0.526546
2 0.451562 0.529167 0.0265625 0.0444444 0.547339
2 0.836328 0.622917 0.0710938 0.0875 0.547748
7 0.778516 0.872917 0.116406 0.159722 0.604759
2 0.719141 0.956944 0.110156 0.0861111 0.640465
2 0.397266 0.575694 0.0335938 0.0597222 0.662725
2 0.519531 0.578472 0.034375 0.0458333 0.728961
2 0.942578 0.745833 0.114844 0.125 0.756499
2 0.469141 0.626389 0.0398437 0.0722222 0.7927
2 0.477344 0.811806 0.078125 0.168056 0.794044
2 0.380469 0.664583 0.0484375 0.0791667 0.797414
2 0.609375 0.610417 0.05 0.0708333 0.822767
2 0.554688 0.645139 0.05 0.0819444 0.8315
