2 0.457031 0.471528 0.021875 0.0236111 0.275249
2 0.483594 0.45625 0.0203125 0.0319444 0.277226
2 0.794922 0.5625 0.0382813 0.05 0.351192
9 0.582031 0.460417 0.009375 0.0402778 0.386126
2 0.617969 0.461806 0.0328125 0.0347222 0.465135
2 0.423047 0.479861 0.0257812 0.0347222 0.511606
2 0.741797 0.821528 0.116406 0.181944 0.560725
7 0.742188 0.821528 0.117188 0.179167 0.574591
2 0.504687 0.490278 0.025 0.0361111 0.599126
2 0.380078 0.528472 0.0320312 0.0541667 0.662878
2 0.545703 0.529861 0.0320312 0.0458333 0.673944
2 0.44375 0.584028 0.040625 0.0680556 0.772823
2 0.617578 0.647222 0.0632813 0.0777778 0.78015
2 0.58125 0.732639 0.0796875 0.131944 0.78349
2 0.964844 0.727083 0.0703125 0.0958333 0.803545
2 0.509375 0.577778 0.0421875 0.0666667 0.815273
2 0.344531 0.763889 0.071875 0.144444 0.832408
2 0.360156 0.625 0.0453125 0.0777778 0.854429
