2 0.405469 0.560417 0.0296875 0.0652778 0.27565
2 0.650391 0.638889 0.0914062 0.105556 0.28386
2 0.508984 0.464583 0.0226563 0.0291667 0.290964
2 0.466016 0.451389 0.0210938 0.0277778 0.332794
2 0.49375 0.491667 0.021875 0.025 0.339817
2 0.404297 0.639583 0.0289063 0.0763889 0.403265
2 0.812109 0.630556 0.0773437 0.0722222 0.412784
2 0.538281 0.495139 0.0265625 0.0347222 0.558405
2 0.725781 0.502083 0.0359375 0.0402778 0.581485
2 0.455859 0.504167 0.0273438 0.0416667 0.598557
2 0.517969 0.546528 0.0328125 0.0486111 0.650261
2 0.625 0.613194 0.053125 0.0847222 0.654277
2 0.467578 0.559722 0.0351562 0.05 0.711632
2 0.476172 0.620139 0.0429688 0.0736111 0.759794
2 0.590234 0.559028 0.0398437 0.0513889 0.779704
2 0.498437 0.770139 0.06875 0.131944 0.780952
2 0.667578 0.672222 0.0710938 0.105556 0.781855
2 0.542969 0.596528 0.04375 0.0791667 0.82417
2 0.585156 0.7 0.0671875 0.1 0.830068
2 0.779297 0.834722 0.119531 0.172222 0.832809
5 0.337109 0.75625 0.128906 0.356944 0.869365
