2 0.526953 0.478472 0.0242187 0.0319444 0.287759
2 0.774609 0.818056 0.119531 0.216667 0.346007
2 0.467578 0.584722 0.0460938 0.119444 0.348404
7 0.466797 0.579167 0.0460938 0.122222 0.381309
7 0.775391 0.819444 0.117969 0.211111 0.382527
2 0.50625 0.520833 0.0296875 0.0388889 0.434831
25 0.0113281 0.731944 0.0226563 0.075 0.435842
5 0.466016 0.577083 0.0492188 0.131944 0.449655
2 0.579687 0.55 0.0375 0.0611111 0.457079
7 0.311719 0.902083 0.104687 0.181944 0.506614
2 0.750391 0.518056 0.0414063 0.0388889 0.54043
2 0.677734 0.965972 0.113281 0.0652778 0.545849
2 0.312109 0.901389 0.103906 0.183333 0.575167
2 0.683203 0.509028 0.0398437 0.0402778 0.678979
2 0.389453 0.654167 0.0570313 0.102778 0.697531
2 0.530859 0.581944 0.0398437 0.0611111 0.704962
2 0.780078 0.559722 0.0570313 0.0611111 0.734378
2 0.611719 0.599306 0.046875 0.0708333 0.797721
2 0.974609 0.709722 0.0507812 0.0805556 0.800188
5 0.387891 0.533333 0.0570313 0.138889 0.805765
2 0.601172 0.729167 0.0804688 0.136111 0.815592
2 0.490625 0.71875 0.0625 0.118056 0.824147
2 0.930469 0.588889 0.08125 0.0722222 0.844422
2 0.675 0.697917 0.075 0.118056 0.859233
