2 0.666406 0.522917 0.0359375 0.0402778 0.265493
2 0.866797 0.957639 0.136719 0.0819444 0.365087
2 0.451172 0.538889 0.0304688 0.05 0.486155
2 0.527344 0.5125 0.0234375 0.0416667 0.499562
2 0.357422 0.777083 0.0726563 0.145833 0.502186
2 0.571094 0.564583 0.034375 0.0541667 0.557313
2 0.398438 0.564583 0.034375 0.0569444 0.602869
7 0.357422 0.779861 0.0710938 0.143056 0.640433
2 0.455078 0.620833 0.0398437 0.0694444 0.657183
2 0.515234 0.56875 0.0335938 0.0486111 0.730956
2 0.787109 0.609028 0.0617188 0.0625 0.778159
2 0.471484 0.703472 0.0570313 0.1125 0.809429
2 0.613672 0.627778 0.0445312 0.0611111 0.811712
2 0.381641 0.664583 0.0460938 0.0763889 0.841763
2 0.562109 0.696528 0.0601562 0.0930556 0.845524
2 0.918359 0.685417 0.0976562 0.0930556 0.87498
2 0.667578 0.749306 0.0835937 0.1125 0.882559
