2 0.803516 0.526389 0.0460938 0.0416667 0.271535
7 0.457422 0.503472 0.0289063 0.0819444 0.330136
2 0.526563 0.547917 0.0375 0.0513889 0.382222
2 0.702734 0.524306 0.0414063 0.0430556 0.419596
2 0.767578 0.527083 0.0382813 0.0486111 0.426746
2 0.5625 0.533333 0.0328125 0.0416667 0.428093
5 0.407422 0.530556 0.0414063 0.136111 0.513239
7 0.671875 0.680556 0.0703125 0.125 0.544149
2 0.796875 0.615278 0.078125 0.0666667 0.551003
2 0.539062 0.608333 0.046875 0.075 0.668081
2 0.476172 0.644444 0.0460938 0.108333 0.687535
2 0.810547 0.8875 0.132031 0.186111 0.748356
2 0.352344 0.791667 0.0828125 0.163889 0.766262
2 0.60625 0.602778 0.046875 0.0666667 0.772127
2 0.379297 0.6625 0.0523437 0.0833333 0.797597
2 0.587109 0.709028 0.0632813 0.109722 0.82554
2 0.925 0.615972 0.078125 0.0708333 0.840643
2 0.500781 0.870139 0.09375 0.209722 0.854694
