7 0.247656 0.8375 0.235938 0.325 0.278503
7 0.377734 0.728472 0.0632813 0.109722 0.290184
5 0.239844 0.8375 0.235938 0.325 0.303287
2 0.451562 0.489583 0.025 0.0319444 0.313193
2 0.524219 0.484028 0.0234375 0.0319444 0.33968
2 0.408203 0.554167 0.0304688 0.0388889 0.341499
7 0.64375 0.642361 0.065625 0.0958333 0.389445
2 0.917188 0.959722 0.148438 0.0777778 0.392963
2 0.572266 0.672222 0.0632813 0.111111 0.428531
2 0.479688 0.475 0.021875 0.025 0.430128
2 0.642969 0.640972 0.0625 0.0930556 0.472144
7 0.571484 0.673611 0.0632813 0.111111 0.50412
2 0.377344 0.728472 0.0625 0.1125 0.583473
2 0.553906 0.513889 0.028125 0.0388889 0.585846
2 0.698438 0.727083 0.0859375 0.118056 0.610155
2 0.511719 0.525694 0.0296875 0.0402778 0.618779
2 0.603125 0.582639 0.0421875 0.0541667 0.628106
2 0.398828 0.609722 0.0398437 0.0666667 0.701353
2 0.461328 0.5375 0.0304688 0.0444444 0.727101
2 0.948828 0.677083 0.0992187 0.101389 0.756175
2 0.534766 0.588194 0.0398437 0.0597222 0.779867
2 0.475391 0.610417 0.0445312 0.0708333 0.78267
2 0.817578 0.589583 0.0601562 0.0597222 0.800945
2 0.485938 0.722917 0.0578125 0.1125 0.858153
2 0.640625 0.867361 0.1 0.168056 0.85956
