2 0.407813 0.502778 0.025 0.0444444 0.302055
7 0.341016 0.866667 0.0945313 0.183333 0.427965
2 0.461719 0.565972 0.034375 0.0569444 0.536154
2 0.400391 0.585417 0.0351562 0.0652778 0.571968
2 0.817578 0.575 0.0476562 0.0527778 0.581495
2 0.340625 0.865278 0.0953125 0.186111 0.583809
2 0.6 0.595139 0.0421875 0.0625 0.640678
2 0.69375 0.534028 0.040625 0.0430556 0.712734
2 0.652734 0.680556 0.0664062 0.0888889 0.785619
2 0.536328 0.60625 0.0414063 0.0569444 0.798166
2 0.463281 0.668056 0.05 0.0888889 0.81955
2 0.380469 0.699306 0.053125 0.0902778 0.825618
2 0.484375 0.793056 0.0765625 0.152778 0.831107
2 0.753906 0.572222 0.0515625 0.0583333 0.833126
2 0.612109 0.821528 0.0867188 0.145833 0.883024
2 0.744531 0.867361 0.121875 0.168056 0.900979
