2 0.459375 0.522917 0.028125 0.0430556 0.276845
2 0.502344 0.508333 0.025 0.0388889 0.310502
2 0.291797 0.948611 0.102344 0.0944444 0.315778
2 0.821484 0.640972 0.0664062 0.0652778 0.357192
2 0.701563 0.502083 0.034375 0.0375 0.377023
7 0.292188 0.949306 0.1 0.0875 0.380603
2 0.533984 0.498611 0.0257812 0.0388889 0.391831
2 0.572656 0.551389 0.0359375 0.05 0.445085
2 0.409766 0.533333 0.0320312 0.0527778 0.456155
2 0.390625 0.604167 0.0390625 0.0583333 0.536646
2 0.513281 0.547222 0.0328125 0.0555556 0.603617
2 0.466406 0.582639 0.034375 0.0791667 0.695426
2 0.378125 0.682639 0.059375 0.104167 0.707001
2 0.617969 0.6125 0.0515625 0.075 0.723689
2 0.757422 0.5625 0.0507812 0.0472222 0.786333
2 0.542188 0.602778 0.0390625 0.0638889 0.79129
2 0.872266 0.940278 0.169531 0.108333 0.795744
2 0.678125 0.925 0.128125 0.141667 0.834866
2 0.969922 0.71875 0.0601562 0.0791667 0.852771
2 0.482031 0.689583 0.0609375 0.109722 0.859776
2 0.721094 0.755556 0.0890625 0.122222 0.88551
