25 0.0246094 0.736806 0.0492188 0.106944 0.255975
2 0.922656 0.965972 0.14375 0.0680556 0.265759
7 0.2375 0.840278 0.235938 0.319444 0.305644
2 0.524609 0.485417 0.0242187 0.0319444 0.327848
2 0.407813 0.555556 0.0296875 0.0388889 0.344885
2 0.451953 0.489583 0.0242187 0.0319444 0.346327
2 0.643359 0.641667 0.0617188 0.0944444 0.366252
7 0.376172 0.730556 0.0648438 0.111111 0.406886
2 0.377734 0.730556 0.0617188 0.111111 0.422761
2 0.479688 0.474306 0.0203125 0.0263889 0.4306
7 0.641797 0.642361 0.0632813 0.0958333 0.432516
7 0.573828 0.676389 0.0632813 0.111111 0.530854
2 0.699609 0.728472 0.0882813 0.123611 0.537738
2 0.554297 0.514583 0.0289063 0.0402778 0.606118
2 0.511719 0.527083 0.0296875 0.0402778 0.61605
2 0.602734 0.583333 0.0414063 0.0527778 0.651055
2 0.398438 0.611806 0.040625 0.0680556 0.698074
2 0.461719 0.539583 0.03125 0.0458333 0.722789
2 0.534766 0.589583 0.0398437 0.0597222 0.781685
2 0.807813 0.584028 0.0625 0.0625 0.78469
2 0.476172 0.6125 0.0460938 0.0694444 0.805627
2 0.486328 0.727778 0.0585938 0.111111 0.83185
2 0.93125 0.666667 0.0953125 0.0972222 0.844293
2 0.643359 0.875 0.102344 0.175 0.878016
