2 0.654297 0.484028 0.0304688 0.0347222 0.25873
2 0.621875 0.502083 0.0234375 0.0319444 0.285923
2 0.302734 0.947222 0.111719 0.0861111 0.307063
2 0.385156 0.532639 0.0265625 0.0375 0.318011
2 0.717578 0.980556 0.0945313 0.0388889 0.330224
2 0.533984 0.519444 0.0367187 0.0444444 0.338768
2 0.513281 0.497222 0.0234375 0.0277778 0.371442
2 0.480469 0.507639 0.025 0.0402778 0.395499
7 0.919531 0.739583 0.110937 0.115278 0.498121
2 0.535937 0.534722 0.0328125 0.0444444 0.562775
2 0.434766 0.515278 0.0367187 0.0611111 0.592255
2 0.919531 0.742361 0.1125 0.118056 0.601577
2 0.738672 0.829167 0.114844 0.152778 0.672355
2 0.455078 0.622917 0.0382813 0.0680556 0.705147
2 0.703516 0.533333 0.0414063 0.0444444 0.741214
2 0.55625 0.686806 0.0671875 0.104167 0.762269
2 0.348047 0.725 0.0632813 0.105556 0.789688
2 0.592969 0.601389 0.0453125 0.0638889 0.790857
2 0.375781 0.597222 0.0421875 0.075 0.801723
2 0.464063 0.710417 0.05625 0.101389 0.819144
