2 0.552734 0.529167 0.0257812 0.0361111 0.294832
7 0.332812 0.848611 0.0875 0.161111 0.309381
2 0.499609 0.526389 0.0273438 0.0444444 0.36703
7 0.410156 0.486111 0.034375 0.102778 0.467099
2 0.460156 0.557639 0.0296875 0.0597222 0.479922
2 0.523438 0.561806 0.034375 0.0541667 0.589017
2 0.333203 0.845139 0.0898438 0.159722 0.590261
2 0.591016 0.575 0.0414063 0.0722222 0.634699
2 0.730078 0.504861 0.0335938 0.0347222 0.648404
2 0.8125 0.565972 0.05625 0.0541667 0.711591
2 0.476172 0.634722 0.0492188 0.0861111 0.717936
2 0.389453 0.6375 0.0476562 0.0888889 0.723448
2 0.667969 0.681944 0.06875 0.0888889 0.828176
2 0.478906 0.852083 0.0828125 0.176389 0.845903
2 0.963672 0.715972 0.0726563 0.0847222 0.885009
2 0.597656 0.751389 0.078125 0.119444 0.889566
2 0.781641 0.867361 0.128906 0.173611 0.905537
