2 0.662109 0.490972 0.0242187 0.0319444 0.25555
2 0.407422 0.502778 0.0242187 0.0416667 0.256505
2 0.491797 0.511806 0.0257812 0.0375 0.390154
2 0.528516 0.515278 0.0195312 0.0305556 0.406682
2 0.566016 0.542361 0.0304688 0.0458333 0.465721
25 0.0179687 0.754167 0.0359375 0.102778 0.489308
2 0.446484 0.515278 0.0226563 0.0388889 0.506857
2 0.509375 0.555556 0.0296875 0.0472222 0.509268
2 0.4 0.554861 0.03125 0.0513889 0.602166
2 0.958594 0.709722 0.0828125 0.136111 0.60245
2 0.386719 0.628472 0.0421875 0.0708333 0.648317
2 0.716797 0.777083 0.0851562 0.120833 0.689934
2 0.344141 0.823611 0.0851562 0.166667 0.7042
2 0.594141 0.5875 0.0414063 0.0638889 0.742582
2 0.657812 0.877778 0.110937 0.213889 0.754383
2 0.537891 0.613889 0.0445312 0.0638889 0.756661
2 0.4625 0.594444 0.0359375 0.0611111 0.789874
2 0.469531 0.733333 0.065625 0.130556 0.847099
