2 0.513281 0.509722 0.0296875 0.0472222 0.259569
2 0.457812 0.516667 0.03125 0.0388889 0.293705
2 0.726172 0.4875 0.0335938 0.0333333 0.358647
2 0.821875 0.55625 0.0390625 0.0541667 0.370961
9 0.822266 0.558333 0.0382813 0.0555556 0.393665
7 0.329688 0.947917 0.101562 0.0902778 0.394878
2 0.526563 0.478472 0.025 0.0375 0.434769
2 0.449609 0.490278 0.0226563 0.0333333 0.46459
7 0.514063 0.847917 0.123438 0.2875 0.602259
2 0.461719 0.538889 0.034375 0.0472222 0.608204
2 0.617188 0.604861 0.0484375 0.0791667 0.613553
2 0.504297 0.519444 0.0273438 0.0416667 0.629158
2 0.577734 0.540972 0.0320312 0.0486111 0.672809
2 0.527344 0.561806 0.034375 0.0680556 0.704361
2 0.654297 0.65625 0.0632813 0.0930556 0.741479
2 0.467969 0.586111 0.0375 0.0638889 0.756487
2 0.561328 0.642361 0.0523437 0.0819444 0.775646
2 0.488281 0.673611 0.053125 0.0805556 0.784151
2 0.740625 0.782639 0.103125 0.148611 0.791551
2 0.653906 0.891667 0.109375 0.194444 0.814505
5 0.355859 0.674306 0.110156 0.276389 0.829711
