9 0.669531 0.490972 0.034375 0.0402778 0.282195
2 0.670313 0.490972 0.0328125 0.0402778 0.308882
7 0.760938 0.79375 0.107813 0.201389 0.364848
5 0.465234 0.554167 0.0445312 0.113889 0.379748
5 0.760547 0.790972 0.103906 0.198611 0.394289
7 0.465234 0.550694 0.0445312 0.118056 0.402577
2 0.573047 0.533333 0.0351562 0.0527778 0.438019
2 0.605078 0.586111 0.0429688 0.0638889 0.51726
2 0.905469 0.960417 0.15 0.0708333 0.533181
2 0.748438 0.556944 0.05 0.05 0.596975
2 0.524609 0.558333 0.0367187 0.0527778 0.681669
2 0.496875 0.888194 0.084375 0.190278 0.722328
2 0.39375 0.627083 0.05 0.0986111 0.733574
2 0.664844 0.68125 0.071875 0.104167 0.761102
2 0.882812 0.622222 0.0828125 0.0777778 0.774172
5 0.39375 0.519444 0.0515625 0.130556 0.792353
2 0.488672 0.677083 0.0570313 0.0986111 0.7954
2 0.327734 0.835417 0.0929687 0.170833 0.802042
2 0.580859 0.671528 0.0679687 0.104167 0.823122
2 0.641797 0.891667 0.122656 0.202778 0.837449
