2 0.803906 0.584028 0.0609375 0.0652778 0.284473
7 0.458594 0.50625 0.0296875 0.0791667 0.324119
2 0.689844 0.518056 0.040625 0.0416667 0.327716
2 0.75 0.518056 0.04375 0.0444444 0.334058
2 0.567578 0.535417 0.0335938 0.0486111 0.386827
7 0.348437 0.811806 0.090625 0.181944 0.401028
5 0.407422 0.527778 0.0398437 0.15 0.409811
2 0.529297 0.553472 0.0414063 0.0541667 0.415976
7 0.676562 0.686806 0.071875 0.126389 0.419994
2 0.773438 0.607639 0.0640625 0.0569444 0.465357
2 0.676172 0.690278 0.0757812 0.116667 0.488684
2 0.348047 0.808333 0.0882813 0.177778 0.556063
2 0.476562 0.654167 0.0453125 0.105556 0.688374
2 0.903906 0.602778 0.0484375 0.0611111 0.696852
2 0.611719 0.606944 0.0484375 0.0666667 0.713573
2 0.817969 0.896528 0.1375 0.193056 0.716377
2 0.542578 0.620833 0.0460938 0.0805556 0.751462
2 0.378125 0.670139 0.0515625 0.0875 0.766133
2 0.594922 0.725 0.0695312 0.116667 0.828456
2 0.503516 0.888889 0.100781 0.213889 0.86128
