2 0.464844 0.523611 0.0375 0.0972222 0.254863
2 0.508594 0.613194 0.104687 0.0763889 0.275924
2 0.562891 0.520833 0.0351562 0.0444444 0.317779
7 0.301172 0.926389 0.114844 0.138889 0.323682
7 0.725781 0.740972 0.090625 0.168056 0.37153
5 0.299219 0.925694 0.11875 0.131944 0.387446
2 0.723828 0.734028 0.0992187 0.179167 0.397277
5 0.724219 0.734028 0.1 0.184722 0.413944
2 0.710547 0.491667 0.0335938 0.0388889 0.414748
7 0.463672 0.526389 0.0367187 0.0972222 0.463083
2 0.5125 0.527778 0.03125 0.0472222 0.482352
2 0.300391 0.927083 0.117969 0.134722 0.501076
2 0.697266 0.940972 0.117969 0.115278 0.507202
2 0.588672 0.559028 0.0414063 0.0625 0.565349
5 0.402344 0.536806 0.046875 0.173611 0.569914
2 0.355859 0.745833 0.0710938 0.125 0.70325
2 0.646484 0.650694 0.0632813 0.0902778 0.762858
2 0.482422 0.620833 0.0445312 0.075 0.782583
2 0.484766 0.748611 0.0617188 0.15 0.785706
2 0.552734 0.602083 0.0492188 0.0736111 0.797522
2 0.578516 0.718056 0.0726563 0.127778 0.823922
2 0.874609 0.936806 0.153906 0.126389 0.83119
2 0.794141 0.577083 0.0632813 0.0652778 0.834663
