2 0.517578 0.499306 0.0242187 0.0291667 0.367614
2 0.302344 0.961806 0.1 0.0652778 0.428368
2 0.645703 0.479167 0.0304688 0.0388889 0.469742
7 0.878516 0.705556 0.0914062 0.0888889 0.473861
2 0.483984 0.509722 0.0242187 0.0416667 0.497739
2 0.880078 0.70625 0.0929687 0.0902778 0.559919
2 0.385156 0.536806 0.0296875 0.0430556 0.591006
2 0.540625 0.540278 0.0328125 0.0472222 0.593086
2 0.436328 0.521528 0.0367187 0.0569444 0.618657
2 0.347266 0.736111 0.0632813 0.111111 0.694571
2 0.755469 0.855556 0.126563 0.166667 0.704988
2 0.458203 0.642361 0.0445312 0.0763889 0.714748
2 0.5625 0.703472 0.06875 0.115278 0.733014
2 0.376172 0.602778 0.0429688 0.0805556 0.768159
2 0.598047 0.609028 0.0492188 0.0652778 0.771841
2 0.464844 0.725 0.0578125 0.102778 0.830814
2 0.692187 0.524306 0.040625 0.0458333 0.847598
