2 0.410156 0.483333 0.0234375 0.0333333 0.272228
2 0.492969 0.494444 0.025 0.0416667 0.313379
2 0.539062 0.514583 0.0234375 0.0319444 0.375329
2 0.559375 0.549306 0.025 0.0375 0.417133
2 0.440625 0.503472 0.0234375 0.0402778 0.459373
2 0.488672 0.954167 0.0914062 0.0805556 0.465803
2 0.409766 0.534028 0.0304688 0.0430556 0.56646
2 0.512891 0.547917 0.0304688 0.0458333 0.619235
2 0.605078 0.592361 0.0382813 0.0597222 0.65936
2 0.459766 0.561806 0.0289063 0.0486111 0.705467
2 0.390234 0.620833 0.0398437 0.0777778 0.717505
2 0.362109 0.747917 0.0648438 0.1125 0.727822
2 0.651563 0.672222 0.06875 0.0944444 0.779196
2 0.539453 0.625 0.0445312 0.0722222 0.782485
2 0.477734 0.709028 0.0523437 0.104167 0.795088
2 0.597656 0.752083 0.0765625 0.126389 0.803643
2 0.952734 0.705556 0.0945313 0.0861111 0.859712
