2 0.504687 0.484028 0.0234375 0.0319444 0.325533
2 0.472266 0.497222 0.0210938 0.0333333 0.403445
2 0.383984 0.517361 0.0242187 0.0375 0.414739
2 0.649609 0.525694 0.0351562 0.0375 0.453206
2 0.526563 0.520139 0.028125 0.0458333 0.605357
2 0.680078 0.496528 0.0367187 0.0430556 0.606596
2 0.43125 0.502778 0.03125 0.05 0.611965
2 0.451953 0.601389 0.0398437 0.0583333 0.621205
2 0.315625 0.913194 0.103125 0.1625 0.654911
2 0.376172 0.576389 0.0398437 0.0694444 0.718749
2 0.577734 0.579167 0.0398437 0.0583333 0.752189
2 0.457422 0.66875 0.0523437 0.0902778 0.753555
2 0.695703 0.765972 0.0929687 0.126389 0.760717
2 0.537891 0.650694 0.0585938 0.0902778 0.801402
2 0.746875 0.561806 0.053125 0.0569444 0.826477
2 0.350781 0.697917 0.0578125 0.0986111 0.843768
2 0.679297 0.919444 0.138281 0.161111 0.863833
