7 0.869922 0.570139 0.0648438 0.0958333 0.300891
2 0.511719 0.520139 0.03125 0.0375 0.317477
2 0.904297 0.974306 0.136719 0.0513889 0.330797
2 0.464063 0.540972 0.028125 0.0375 0.34087
7 0.410547 0.486111 0.0398437 0.122222 0.341179
2 0.409766 0.542361 0.0335938 0.0625 0.354758
2 0.547266 0.513889 0.0273438 0.0361111 0.379066
2 0.641797 0.641667 0.0570313 0.0916667 0.380291
7 0.452344 0.481944 0.028125 0.0805556 0.405456
7 0.641406 0.634028 0.0578125 0.106944 0.48091
2 0.587891 0.571528 0.0414063 0.0569444 0.491417
2 0.966406 0.770833 0.0671875 0.075 0.500667
2 0.683984 0.506944 0.0351562 0.0388889 0.512997
2 0.525 0.572917 0.0390625 0.0652778 0.573381
2 0.714063 0.560417 0.0515625 0.0541667 0.62816
2 0.470703 0.615972 0.0382813 0.0819444 0.657827
2 0.490234 0.750694 0.0710938 0.143056 0.721626
2 0.3875 0.626389 0.040625 0.0638889 0.73727
2 0.366797 0.723611 0.0679687 0.127778 0.740352
2 0.560547 0.641667 0.0492188 0.0805556 0.758351
2 0.80625 0.589583 0.0609375 0.0569444 0.81378
2 0.939453 0.593056 0.0679687 0.0611111 0.814921
2 0.766016 0.817361 0.108594 0.154167 0.834933
