25 0.0191406 0.754167 0.0367187 0.105556 0.331745
2 0.408203 0.497917 0.0226563 0.0291667 0.340951
2 0.441797 0.514583 0.0289063 0.0541667 0.358823
2 0.641797 0.639583 0.0601562 0.0847222 0.363223
2 0.500781 0.513194 0.0296875 0.0402778 0.364045
2 0.554688 0.534028 0.0296875 0.0319444 0.393583
7 0.640625 0.640278 0.0625 0.0861111 0.535396
2 0.955078 0.778472 0.0882813 0.0875 0.539013
2 0.322656 0.88125 0.0984375 0.181944 0.589933
2 0.730078 0.550694 0.0414063 0.0402778 0.617628
2 0.575 0.575 0.03125 0.0444444 0.627763
2 0.398438 0.558333 0.0328125 0.05 0.639901
5 0.595703 0.334028 0.138281 0.0652778 0.65125
2 0.523828 0.574306 0.0382813 0.0597222 0.681187
2 0.722266 0.775694 0.103906 0.156944 0.682228
2 0.462891 0.600694 0.0382813 0.0680556 0.748377
2 0.369141 0.675694 0.0554687 0.106944 0.757968
2 0.565234 0.710417 0.0695312 0.115278 0.835268
2 0.690234 0.934028 0.127344 0.129167 0.836213
2 0.950781 0.654861 0.0859375 0.0708333 0.836709
2 0.482422 0.867361 0.0835937 0.173611 0.854703
