2 0.530859 0.507639 0.0226563 0.0263889 0.306525
2 0.488281 0.490972 0.025 0.0375 0.340594
2 0.410156 0.514583 0.025 0.0597222 0.341179
2 0.846094 0.933333 0.135937 0.111111 0.345847
2 0.440234 0.495833 0.0210938 0.0305556 0.370652
2 0.548047 0.534028 0.0242187 0.0375 0.380025
7 0.311328 0.934722 0.0992187 0.127778 0.494082
2 0.587109 0.571528 0.0351562 0.0513889 0.498056
25 0.0183594 0.758333 0.0367187 0.1 0.509131
2 0.799609 0.635417 0.0835937 0.0875 0.578653
2 0.969531 0.799306 0.0609375 0.0708333 0.586197
2 0.774219 0.56875 0.05625 0.0680556 0.588962
2 0.506641 0.534722 0.0289063 0.0416667 0.59074
2 0.625 0.636111 0.0546875 0.0777778 0.683863
2 0.454688 0.540278 0.0296875 0.0472222 0.689715
2 0.528125 0.595833 0.0359375 0.0555556 0.728112
2 0.473437 0.658333 0.04375 0.0833333 0.757012
2 0.484766 0.890278 0.0898438 0.205556 0.759972
2 0.570312 0.684028 0.059375 0.0986111 0.766435
2 0.377344 0.695833 0.0515625 0.0888889 0.779989
2 0.396484 0.592361 0.0335938 0.0625 0.797815
