2 0.497656 0.48125 0.0234375 0.0319444 0.3571
2 0.421094 0.470833 0.025 0.0305556 0.467867
2 0.382812 0.504167 0.0296875 0.0722222 0.642783
2 0.536719 0.517361 0.0265625 0.0430556 0.668819
2 0.598828 0.617361 0.0539063 0.0736111 0.749134
2 0.559766 0.678472 0.0679687 0.1125 0.757474
2 0.355469 0.71875 0.065625 0.126389 0.769986
2 0.696875 0.753472 0.096875 0.148611 0.772044
2 0.441406 0.559722 0.0375 0.0666667 0.777448
2 0.501172 0.556944 0.0367187 0.0583333 0.813393
2 0.362891 0.598611 0.0429688 0.0666667 0.844521
2 0.476172 0.929167 0.107031 0.133333 0.844645
2 0.891016 0.608333 0.0789063 0.0694444 0.851668
2 0.94375 0.767361 0.110937 0.126389 0.866324
