2 0.398438 0.565972 0.03125 0.0319444 0.286037
2 0.775391 0.528472 0.0382813 0.0375 0.301208
7 0.409766 0.480556 0.0335938 0.1 0.341353
2 0.508203 0.973611 0.0882813 0.0472222 0.356549
2 0.88125 0.604861 0.0796875 0.0680556 0.367417
2 0.494531 0.516667 0.025 0.0416667 0.391586
2 0.459375 0.539583 0.028125 0.0597222 0.405357
2 0.517187 0.550694 0.0296875 0.0458333 0.512695
2 0.349219 0.794444 0.0765625 0.133333 0.699469
2 0.58125 0.5625 0.0359375 0.0611111 0.724222
2 0.392969 0.627083 0.0453125 0.0763889 0.755295
2 0.473047 0.618056 0.0445312 0.0777778 0.791239
2 0.749609 0.814583 0.113281 0.154167 0.819212
2 0.579297 0.704861 0.0695312 0.101389 0.830623
2 0.652344 0.660417 0.0625 0.0819444 0.840203
2 0.475 0.790972 0.075 0.143056 0.872163
