2 0.394531 0.491667 0.0234375 0.0416667 0.272084
2 0.476953 0.495833 0.0242187 0.025 0.291554
2 0.942969 0.763889 0.1125 0.119444 0.378991
2 0.433984 0.518056 0.0226563 0.0361111 0.401752
2 0.513672 0.497917 0.0242187 0.0291667 0.444188
2 0.537109 0.524306 0.0289063 0.0375 0.561915
2 0.498828 0.539583 0.0304688 0.0430556 0.576999
2 0.449609 0.564583 0.0367187 0.0513889 0.690379
2 0.385938 0.570139 0.03125 0.0513889 0.695968
2 0.564844 0.577083 0.0390625 0.0541667 0.758258
2 0.726562 0.579861 0.0484375 0.0541667 0.769188
2 0.468359 0.7125 0.0523437 0.102778 0.789466
2 0.341797 0.793056 0.0710938 0.136111 0.789924
2 0.372266 0.645833 0.0507812 0.0916667 0.814429
2 0.6375 0.665278 0.0640625 0.0833333 0.844948
2 0.477734 0.840278 0.0773437 0.158333 0.848825
2 0.617188 0.834722 0.1 0.175 0.889279
