2 0.492578 0.477083 0.0257812 0.0319444 0.35256
2 0.419922 0.466667 0.0210938 0.0277778 0.429903
2 0.619531 0.477083 0.0296875 0.0347222 0.48305
2 0.383594 0.497222 0.0296875 0.0666667 0.53018
2 0.773438 0.622222 0.0609375 0.0666667 0.535137
2 0.676172 0.489583 0.0367187 0.0430556 0.570006
2 0.530469 0.509028 0.0265625 0.0402778 0.605399
2 0.683203 0.936806 0.136719 0.120833 0.650878
2 0.438672 0.54375 0.0320312 0.0625 0.739263
2 0.494922 0.544444 0.0351562 0.05 0.766402
2 0.589844 0.601389 0.0421875 0.0611111 0.789591
2 0.670313 0.713194 0.0828125 0.129167 0.798019
2 0.360938 0.694444 0.0578125 0.111111 0.805272
2 0.967578 0.663194 0.0648438 0.0847222 0.813656
2 0.544922 0.645833 0.0617188 0.0972222 0.818175
2 0.469922 0.879861 0.0914062 0.1875 0.846524
2 0.366406 0.58125 0.0375 0.0597222 0.8532
