2 0.602734 0.456944 0.0289063 0.0333333 0.257154
2 0.445703 0.554167 0.0320312 0.0527778 0.329083
2 0.460156 0.478472 0.0203125 0.0236111 0.357955
2 0.423438 0.481944 0.028125 0.0416667 0.460821
2 0.75625 0.606944 0.059375 0.0611111 0.574037
2 0.509375 0.497222 0.025 0.0333333 0.613767
2 0.551953 0.538889 0.0335938 0.05 0.656209
2 0.767187 0.540972 0.05 0.0486111 0.674282
2 0.773828 0.872917 0.132031 0.204167 0.711088
2 0.379297 0.538194 0.0335938 0.0541667 0.723395
2 0.446875 0.602083 0.0421875 0.0680556 0.764951
2 0.514063 0.589583 0.0453125 0.0680556 0.796572
2 0.597656 0.772222 0.0921875 0.155556 0.799583
2 0.633203 0.669444 0.0695312 0.0861111 0.81532
2 0.339844 0.792361 0.0796875 0.1625 0.83127
2 0.356641 0.640278 0.0492188 0.0777778 0.856686
2 0.910547 0.670833 0.0960938 0.0916667 0.878211
