2 0.601172 0.464583 0.0289063 0.0291667 0.283689
2 0.441016 0.523611 0.0273438 0.0416667 0.293604
2 0.722656 0.586806 0.0515625 0.0486111 0.321786
2 0.497266 0.48125 0.0226563 0.0291667 0.370774
2 0.651953 0.476389 0.0335938 0.0388889 0.410101
2 0.420703 0.470833 0.0226563 0.0277778 0.471236
2 0.382812 0.502778 0.0296875 0.0666667 0.637501
2 0.955469 0.785417 0.0890625 0.115278 0.718803
2 0.535156 0.515278 0.0265625 0.0388889 0.728922
2 0.557422 0.672222 0.0679687 0.111111 0.771635
2 0.598437 0.613889 0.0515625 0.0694444 0.779475
2 0.440625 0.559028 0.034375 0.0597222 0.787506
2 0.357031 0.714583 0.0640625 0.120833 0.799544
2 0.499609 0.553472 0.0367187 0.0569444 0.804181
2 0.363281 0.595139 0.0421875 0.0652778 0.820345
2 0.693359 0.746528 0.0960938 0.145833 0.821822
2 0.902344 0.613889 0.08125 0.0722222 0.834257
2 0.474609 0.923611 0.105469 0.152778 0.868513
