2 0.512109 0.495833 0.0242187 0.0277778 0.271786
2 0.624609 0.504861 0.0257812 0.0347222 0.292033
7 0.298828 0.940278 0.121094 0.102778 0.319492
2 0.657422 0.485417 0.0304688 0.0347222 0.388597
7 0.732031 0.820139 0.110937 0.154167 0.394014
2 0.385156 0.529861 0.028125 0.0402778 0.481004
2 0.535156 0.533333 0.03125 0.0416667 0.533756
2 0.479297 0.507639 0.0257812 0.0375 0.54361
2 0.433984 0.513194 0.0351562 0.0597222 0.567539
2 0.710547 0.971528 0.113281 0.0541667 0.588284
2 0.732813 0.820833 0.1125 0.152778 0.631009
2 0.454688 0.620833 0.0375 0.0666667 0.675386
2 0.708203 0.536806 0.0445312 0.0430556 0.736772
2 0.591406 0.6 0.04375 0.0611111 0.740124
2 0.348047 0.722222 0.0617188 0.105556 0.786134
2 0.375 0.595833 0.0421875 0.0722222 0.798994
2 0.553516 0.681944 0.0664062 0.105556 0.799878
2 0.941406 0.7625 0.115625 0.105556 0.820317
2 0.463281 0.706944 0.05625 0.0972222 0.829358
