2 0.480078 0.458333 0.0226563 0.0305556 0.268234
2 0.454297 0.46875 0.0226563 0.0402778 0.276392
2 0.792969 0.59375 0.0625 0.0763889 0.354983
2 0.514453 0.504167 0.0320312 0.0361111 0.375187
7 0.8125 0.580556 0.1 0.108333 0.387031
7 0.267969 0.961806 0.09375 0.0763889 0.469977
2 0.38125 0.544444 0.0328125 0.0527778 0.559436
2 0.480078 0.511111 0.0304688 0.0472222 0.570679
2 0.436719 0.566667 0.040625 0.0611111 0.590129
2 0.544531 0.542361 0.0359375 0.0569444 0.634036
2 0.902344 0.95 0.167187 0.0916667 0.673497
2 0.434375 0.621528 0.0484375 0.0930556 0.708922
2 0.350391 0.678472 0.0554687 0.0958333 0.720939
2 0.892969 0.626389 0.08125 0.0694444 0.740671
2 0.513672 0.583333 0.0445312 0.0777778 0.757002
2 0.600781 0.621528 0.0546875 0.0736111 0.810383
2 0.885156 0.711806 0.110937 0.106944 0.843074
2 0.6625 0.741667 0.078125 0.116667 0.866927
2 0.6 0.820833 0.096875 0.172222 0.88201
2 0.464844 0.909722 0.1 0.175 0.892592
