7 0.408984 0.491667 0.0320312 0.0916667 0.250286
2 0.391406 0.603472 0.0390625 0.0597222 0.327503
2 0.459375 0.520139 0.0296875 0.0458333 0.369907
2 0.532812 0.497222 0.0265625 0.0388889 0.385406
7 0.293359 0.945833 0.103906 0.108333 0.391459
2 0.410547 0.533333 0.0320312 0.0527778 0.450213
2 0.706641 0.503472 0.0367187 0.0375 0.492517
2 0.571875 0.552778 0.0328125 0.0472222 0.510901
2 0.513281 0.546528 0.0328125 0.0569444 0.56493
2 0.378906 0.677778 0.059375 0.105556 0.684404
2 0.615625 0.609028 0.0484375 0.0736111 0.713485
2 0.465234 0.580556 0.0335938 0.0805556 0.737176
2 0.982813 0.728472 0.0328125 0.0708333 0.751824
2 0.845312 0.660417 0.0828125 0.0736111 0.762209
2 0.540625 0.600694 0.0375 0.0625 0.776119
2 0.769141 0.571528 0.0523437 0.0569444 0.794996
2 0.860156 0.936806 0.157813 0.118056 0.83431
2 0.48125 0.682639 0.059375 0.109722 0.846535
2 0.672266 0.918056 0.127344 0.163889 0.873881
2 0.717578 0.749306 0.0882813 0.120833 0.887003
