2 0.501953 0.45625 0.0179687 0.0263889 0.285191
7 0.839063 0.892361 0.145313 0.204167 0.288429
2 0.499609 0.5125 0.0289063 0.0444444 0.405067
2 0.598047 0.579167 0.0460938 0.0722222 0.422969
2 0.547266 0.509028 0.0273438 0.0402778 0.431559
2 0.455469 0.5375 0.0328125 0.0527778 0.501696
2 0.789062 0.539583 0.053125 0.0486111 0.548568
2 0.839453 0.894444 0.147656 0.205556 0.558105
2 0.527734 0.569444 0.0367187 0.0583333 0.575341
2 0.714063 0.527083 0.0421875 0.0375 0.590498
2 0.478125 0.673611 0.0703125 0.183333 0.6118
2 0.784766 0.613194 0.0695312 0.0680556 0.627609
2 0.719922 0.952083 0.130469 0.0902778 0.656761
2 0.372656 0.763194 0.0765625 0.143056 0.716148
2 0.629297 0.628472 0.0585938 0.0819444 0.716155
2 0.966406 0.610417 0.0671875 0.0541667 0.777899
5 0.377734 0.583333 0.0742188 0.191667 0.807763
2 0.699609 0.736111 0.0882813 0.133333 0.818518
2 0.560938 0.665972 0.05625 0.0930556 0.820379
2 0.508984 0.925 0.0992187 0.136111 0.832833
