2 0.480078 0.459722 0.0226563 0.0305556 0.271129
2 0.515625 0.50625 0.0296875 0.0375 0.272085
2 0.375 0.495833 0.0234375 0.0333333 0.275303
2 0.455469 0.472222 0.0234375 0.0333333 0.362333
2 0.417969 0.483333 0.025 0.0361111 0.393553
2 0.546484 0.545139 0.0367187 0.0569444 0.526031
2 0.48125 0.513889 0.0328125 0.0527778 0.617777
2 0.379297 0.552083 0.0320312 0.0513889 0.642229
2 0.438672 0.570139 0.0382813 0.0597222 0.644381
2 0.839844 0.679861 0.096875 0.0958333 0.725425
2 0.858594 0.608333 0.05 0.0527778 0.740535
2 0.434375 0.634722 0.0484375 0.0861111 0.743485
2 0.516406 0.593056 0.0453125 0.0805556 0.757775
2 0.768359 0.576389 0.0679687 0.0722222 0.771268
2 0.608594 0.632639 0.0609375 0.0763889 0.787492
2 0.346875 0.6875 0.05625 0.1 0.814455
2 0.465234 0.929861 0.110156 0.134722 0.835084
2 0.674609 0.761111 0.0851562 0.130556 0.851596
2 0.614453 0.859028 0.107031 0.204167 0.86705
