2 0.503516 0.484028 0.0226563 0.0319444 0.348085
2 0.384375 0.514583 0.0265625 0.0375 0.381994
2 0.471484 0.495833 0.0210938 0.0305556 0.430771
2 0.888672 0.971528 0.111719 0.0541667 0.461484
2 0.652734 0.526389 0.0382813 0.0416667 0.46576
2 0.526172 0.518056 0.0304688 0.0444444 0.597636
2 0.683984 0.497917 0.0382813 0.0430556 0.620267
2 0.430859 0.501389 0.0320312 0.05 0.631974
2 0.451562 0.598611 0.040625 0.0555556 0.654779
2 0.575 0.575 0.0421875 0.0555556 0.70294
2 0.377344 0.571528 0.040625 0.0680556 0.73204
2 0.689844 0.75625 0.09375 0.123611 0.758117
2 0.317578 0.911111 0.100781 0.177778 0.766112
2 0.45625 0.665278 0.0515625 0.0888889 0.768171
2 0.535156 0.647222 0.0578125 0.0916667 0.818279
2 0.675 0.915278 0.1375 0.169444 0.832719
2 0.351172 0.695139 0.0585938 0.0958333 0.847466
2 0.753125 0.564583 0.0546875 0.0541667 0.864739
