25 0.0199219 0.758333 0.0398437 0.1 0.256848
2 0.408984 0.511806 0.0226563 0.0430556 0.341808
2 0.501953 0.527083 0.0257812 0.0430556 0.406853
7 0.785156 0.883333 0.1125 0.169444 0.430126
2 0.826953 0.614583 0.0695312 0.0875 0.515175
2 0.451562 0.530556 0.0265625 0.0444444 0.526217
2 0.579687 0.5625 0.0296875 0.0444444 0.561796
2 0.786719 0.883333 0.117188 0.169444 0.613412
2 0.724219 0.963194 0.103125 0.0652778 0.618206
2 0.324219 0.908333 0.101562 0.175 0.63138
2 0.520703 0.581944 0.0351562 0.0472222 0.710915
2 0.398047 0.577778 0.0335938 0.0611111 0.713714
2 0.470703 0.630556 0.0414063 0.0722222 0.77841
2 0.557422 0.650694 0.0507812 0.0847222 0.782951
2 0.611328 0.613889 0.0507812 0.0722222 0.792538
2 0.380078 0.668056 0.0476562 0.0805556 0.797069
2 0.926562 0.727083 0.11875 0.118056 0.818699
2 0.477344 0.820833 0.0796875 0.172222 0.840233
