2 0.60625 0.461806 0.01875 0.0263889 0.257054
2 0.870703 0.966667 0.135156 0.0583333 0.303756
2 0.635938 0.494444 0.0296875 0.0388889 0.35126
2 0.513281 0.497222 0.0265625 0.0305556 0.372902
2 0.433984 0.51875 0.0210938 0.0375 0.430239
2 0.535937 0.524306 0.028125 0.0375 0.548858
2 0.498047 0.539583 0.0289063 0.0402778 0.618189
2 0.449609 0.5625 0.0367187 0.0555556 0.645356
2 0.386328 0.56875 0.0320312 0.0513889 0.680393
2 0.563281 0.572917 0.0390625 0.0541667 0.727966
2 0.728906 0.581944 0.046875 0.05 0.734208
2 0.467578 0.708333 0.0507812 0.1 0.767257
2 0.615234 0.829861 0.0992187 0.173611 0.791032
2 0.372656 0.645139 0.0515625 0.0902778 0.801682
2 0.341406 0.790972 0.075 0.1375 0.827784
2 0.477734 0.834028 0.0773437 0.154167 0.851468
2 0.636328 0.663889 0.0632813 0.0833333 0.855836
