2 0.558203 0.536806 0.0320312 0.0430556 0.351226
7 0.408203 0.486806 0.0320312 0.0986111 0.401436
2 0.320312 0.896528 0.101562 0.1875 0.409217
2 0.503125 0.534722 0.028125 0.0416667 0.486275
2 0.989844 0.802083 0.0203125 0.0541667 0.490567
2 0.462109 0.561111 0.0320312 0.0666667 0.519385
2 0.528516 0.577778 0.0335938 0.0555556 0.554463
7 0.31875 0.897917 0.1 0.179167 0.623283
2 0.598437 0.583333 0.04375 0.075 0.690359
2 0.771484 0.540972 0.0445312 0.0486111 0.733099
2 0.3875 0.65 0.053125 0.0916667 0.747605
2 0.889063 0.648611 0.078125 0.0805556 0.778423
2 0.476953 0.649306 0.0523437 0.0902778 0.795572
2 0.681641 0.703472 0.0773437 0.101389 0.843576
2 0.481641 0.90625 0.0976562 0.1875 0.868931
2 0.617188 0.799306 0.0890625 0.143056 0.877208
2 0.810547 0.904167 0.146094 0.188889 0.91003
