2 0.421875 0.465278 0.01875 0.0277778 0.25368
2 0.453516 0.456944 0.0210938 0.0305556 0.297428
2 0.476953 0.493056 0.0273438 0.0361111 0.456506
2 0.396875 0.515278 0.0265625 0.0388889 0.484819
2 0.527344 0.513194 0.0265625 0.0375 0.51991
2 0.570312 0.569444 0.0359375 0.05 0.530772
7 0.334766 0.781944 0.0757812 0.155556 0.537533
5 0.787891 0.34375 0.128906 0.0652778 0.55943
2 0.438281 0.555556 0.0328125 0.0611111 0.634081
2 0.599219 0.627083 0.04375 0.0625 0.728135
2 0.505859 0.540278 0.0351562 0.0527778 0.730297
2 0.710547 0.75 0.0929687 0.133333 0.751427
2 0.864453 0.94375 0.142969 0.109722 0.786826
2 0.540234 0.640972 0.0523437 0.0847222 0.821516
2 0.462109 0.686111 0.0539063 0.0972222 0.829098
2 0.633203 0.911806 0.116406 0.170833 0.871047
2 0.380469 0.605556 0.0390625 0.0666667 0.876442
