2 0.521094 0.727083 0.153125 0.1125 0.261571
2 0.853906 0.64375 0.075 0.0708333 0.391757
7 0.853906 0.627778 0.075 0.1 0.425809
2 0.535547 0.51875 0.0242187 0.0458333 0.463258
2 0.399609 0.578472 0.0335938 0.0458333 0.476502
2 0.651563 0.513194 0.0328125 0.0375 0.48084
2 0.579687 0.574306 0.0375 0.0541667 0.534732
2 0.454297 0.55 0.0289063 0.0472222 0.585717
2 0.523047 0.58125 0.0367187 0.0513889 0.638714
2 0.355078 0.795833 0.0789063 0.15 0.735638
2 0.475781 0.727083 0.0640625 0.126389 0.752716
2 0.457812 0.636111 0.0421875 0.0722222 0.777741
2 0.623047 0.642361 0.0539063 0.0708333 0.781942
2 0.752734 0.581944 0.0539063 0.0583333 0.796952
2 0.573828 0.724306 0.0632813 0.106944 0.815209
2 0.38125 0.677083 0.046875 0.0819444 0.825255
2 0.967969 0.670833 0.0640625 0.0694444 0.83992
2 0.689062 0.778472 0.0921875 0.131944 0.882483
