2 0.396094 0.508333 0.03125 0.0805556 0.301913
2 0.534766 0.526389 0.0242187 0.0361111 0.393369
2 0.459375 0.479861 0.01875 0.0236111 0.393874
2 0.637109 0.513194 0.0289063 0.0375 0.517165
2 0.434375 0.503472 0.0234375 0.0347222 0.535314
2 0.441797 0.5625 0.0320312 0.0472222 0.576711
2 0.489453 0.526389 0.0273438 0.0388889 0.636252
2 0.562109 0.565278 0.0320312 0.0472222 0.63709
2 0.702734 0.577083 0.0539063 0.0541667 0.725218
2 0.320312 0.883333 0.0921875 0.169444 0.783012
2 0.597656 0.634722 0.053125 0.075 0.791894
2 0.363281 0.700694 0.059375 0.109722 0.82645
2 0.45625 0.61875 0.0453125 0.0763889 0.829946
2 0.380469 0.617361 0.0375 0.0625 0.83544
2 0.517969 0.59375 0.0359375 0.0569444 0.838963
2 0.800391 0.609722 0.0617188 0.0583333 0.844308
2 0.481641 0.835417 0.0726563 0.148611 0.845405
2 0.706641 0.775 0.0929687 0.127778 0.856808
