9 0.624219 0.457639 0.01875 0.0291667 0.291637
2 0.523438 0.483333 0.0234375 0.0333333 0.307728
2 0.408203 0.553472 0.0289063 0.0402778 0.30953
25 0.0246094 0.740972 0.0492188 0.109722 0.326566
2 0.451562 0.486111 0.0234375 0.0333333 0.332519
7 0.642187 0.638889 0.065625 0.0972222 0.35046
7 0.267578 0.832639 0.210156 0.331944 0.396951
7 0.971094 0.709722 0.0578125 0.1 0.433758
2 0.478516 0.471528 0.0195312 0.0291667 0.448456
7 0.380469 0.716667 0.059375 0.111111 0.450359
2 0.380859 0.720833 0.0585938 0.111111 0.493453
2 0.970703 0.710417 0.0585938 0.101389 0.50143
2 0.909375 0.949306 0.173438 0.101389 0.536461
2 0.521875 0.970139 0.090625 0.0569444 0.545141
7 0.56875 0.664583 0.0609375 0.1125 0.548193
2 0.510547 0.522222 0.0289063 0.0388889 0.551777
2 0.553516 0.5125 0.0273438 0.0388889 0.564423
2 0.641406 0.6375 0.0625 0.0916667 0.575241
7 0.692969 0.714583 0.0859375 0.126389 0.588585
2 0.600781 0.579861 0.040625 0.0541667 0.668492
2 0.460938 0.534028 0.028125 0.0458333 0.69172
2 0.853125 0.615278 0.0734375 0.0638889 0.737384
2 0.533203 0.584722 0.0382813 0.0583333 0.747387
2 0.4 0.606944 0.0390625 0.0638889 0.772496
2 0.475391 0.604861 0.0414063 0.0652778 0.805619
2 0.485547 0.709028 0.0539063 0.106944 0.830213
2 0.633984 0.844444 0.0945313 0.163889 0.864221
