2 0.408203 0.509722 0.0210938 0.0361111 0.262385
25 0.0296875 0.759028 0.059375 0.1125 0.389426
2 0.532812 0.516667 0.021875 0.0333333 0.398249
2 0.569922 0.549306 0.0320312 0.0430556 0.488033
2 0.447266 0.51875 0.0242187 0.0402778 0.496323
2 0.495703 0.514583 0.0242187 0.0375 0.540648
2 0.932422 0.641667 0.0710938 0.0611111 0.579171
2 0.512891 0.563194 0.0320312 0.0458333 0.669054
2 0.399609 0.563194 0.0320312 0.0541667 0.68122
2 0.734766 0.806944 0.0945313 0.136111 0.700867
2 0.916406 0.688194 0.096875 0.0930556 0.721598
2 0.385156 0.638889 0.0421875 0.075 0.744399
2 0.335156 0.850694 0.0953125 0.184722 0.767824
2 0.598828 0.59375 0.0429688 0.0708333 0.779093
2 0.465625 0.604861 0.0375 0.0625 0.811823
2 0.542578 0.622222 0.0445312 0.075 0.831493
2 0.680859 0.90625 0.125781 0.1875 0.836873
2 0.471875 0.755556 0.0703125 0.138889 0.871182
