2 0.505859 0.511806 0.0289063 0.0375 0.266279
7 0.408984 0.503472 0.0335938 0.109722 0.314765
2 0.409766 0.53125 0.0335938 0.0680556 0.354446
2 0.539453 0.504861 0.0273438 0.0402778 0.377894
2 0.460547 0.531944 0.0304688 0.0388889 0.419461
2 0.691016 0.961806 0.0992187 0.0680556 0.4959
2 0.578516 0.559028 0.0382813 0.0569444 0.584173
2 0.724609 0.535417 0.0414063 0.0430556 0.622698
2 0.389844 0.616667 0.0390625 0.0611111 0.659228
2 0.519531 0.558333 0.0359375 0.0555556 0.661941
2 0.894141 0.952778 0.175781 0.0888889 0.686536
2 0.962109 0.632639 0.0757812 0.0902778 0.714955
2 0.467187 0.59375 0.034375 0.0819444 0.732944
2 0.626562 0.621528 0.053125 0.0847222 0.748808
2 0.548828 0.615278 0.0460938 0.0722222 0.748874
2 0.373828 0.699306 0.0632813 0.118056 0.75396
2 0.773047 0.606944 0.0632813 0.0666667 0.765612
2 0.485156 0.710417 0.0640625 0.120833 0.836673
2 0.905078 0.653472 0.0789063 0.0736111 0.839976
2 0.739844 0.779861 0.096875 0.134722 0.886289
