2 0.693359 0.495139 0.0335938 0.0375 0.256586
2 0.535937 0.501389 0.025 0.0388889 0.312228
2 0.502734 0.507639 0.0257812 0.0402778 0.314241
2 0.989062 0.638889 0.021875 0.0416667 0.343394
2 0.409766 0.53125 0.0320312 0.0625 0.356111
7 0.408594 0.502083 0.034375 0.109722 0.362088
2 0.458594 0.527778 0.028125 0.0388889 0.394384
2 0.573828 0.552083 0.0367187 0.0513889 0.412334
2 0.377344 0.686806 0.0609375 0.109722 0.482403
7 0.376953 0.688889 0.0617188 0.113889 0.535209
2 0.389453 0.611806 0.0398437 0.0625 0.540422
2 0.515625 0.548611 0.034375 0.0583333 0.552673
2 0.288672 0.961806 0.0945313 0.0736111 0.569669
2 0.620703 0.615972 0.0507812 0.0791667 0.611241
2 0.467187 0.588889 0.0359375 0.0722222 0.637954
2 0.873438 0.945833 0.15625 0.102778 0.719305
2 0.744141 0.552083 0.0460938 0.0458333 0.728248
2 0.544922 0.609722 0.0398437 0.0638889 0.745595
2 0.805469 0.628472 0.0734375 0.0763889 0.798199
2 0.687109 0.9375 0.128906 0.119444 0.807829
2 0.728125 0.764583 0.0921875 0.126389 0.829515
2 0.482812 0.695833 0.0625 0.113889 0.834684
2 0.952734 0.692361 0.0945313 0.0875 0.853378
