2 0.452344 0.463889 0.025 0.0361111 0.268787
2 0.507422 0.495833 0.0289063 0.0388889 0.313113
2 0.667969 0.498611 0.0328125 0.0361111 0.367078
2 0.391406 0.517361 0.028125 0.0541667 0.368728
7 0.751562 0.8125 0.114063 0.163889 0.451359
2 0.477734 0.495833 0.0273438 0.0472222 0.463015
2 0.533203 0.520139 0.0304688 0.0458333 0.548863
2 0.658203 0.971528 0.0929687 0.0569444 0.636391
2 0.435937 0.565972 0.0375 0.0791667 0.646914
2 0.576953 0.583333 0.0414063 0.0527778 0.724868
2 0.314453 0.839583 0.0960938 0.1875 0.73746
2 0.611328 0.652083 0.0539063 0.0736111 0.756668
2 0.551953 0.679167 0.0601562 0.1 0.774207
2 0.507031 0.552778 0.034375 0.0583333 0.77899
2 0.373047 0.625694 0.0429688 0.0708333 0.815404
2 0.461328 0.736111 0.0617188 0.127778 0.858872
