9 0.842578 0.628472 0.00859375 0.0375 0.286909
2 0.649219 0.486806 0.03125 0.0347222 0.356893
2 0.510547 0.532639 0.0320312 0.0458333 0.366322
7 0.467969 0.595139 0.0546875 0.148611 0.413545
2 0.468359 0.601389 0.0539063 0.141667 0.425584
2 0.585156 0.556944 0.0421875 0.0611111 0.46747
7 0.7875 0.834722 0.11875 0.225 0.479312
2 0.723828 0.526389 0.0476562 0.0472222 0.504566
2 0.3 0.933333 0.107813 0.127778 0.664658
2 0.884375 0.634028 0.0625 0.0736111 0.682784
2 0.384375 0.680556 0.0625 0.119444 0.747661
5 0.385938 0.545833 0.0625 0.15 0.796128
2 0.537891 0.600694 0.0429688 0.0625 0.797255
2 0.681641 0.709028 0.0820312 0.123611 0.805963
2 0.616016 0.608333 0.0554687 0.0694444 0.807382
2 0.625391 0.788194 0.0976562 0.1625 0.809989
2 0.494141 0.763889 0.0710938 0.136111 0.846502
