2 0.407422 0.498611 0.0226563 0.0305556 0.308763
2 0.555078 0.536806 0.0304688 0.0347222 0.332862
2 0.501562 0.5125 0.028125 0.0444444 0.369286
2 0.441406 0.517361 0.028125 0.0541667 0.393818
2 0.716406 0.543056 0.0421875 0.0388889 0.401324
2 0.397266 0.561806 0.0335938 0.0541667 0.572774
2 0.925 0.755556 0.104687 0.111111 0.575939
2 0.576563 0.579861 0.03125 0.0458333 0.592292
2 0.646094 0.647917 0.0625 0.0875 0.640684
2 0.732031 0.789583 0.107813 0.168056 0.690063
2 0.525 0.582639 0.0390625 0.0625 0.707727
2 0.320312 0.900694 0.0953125 0.179167 0.709947
5 0.619141 0.336806 0.144531 0.0652778 0.742947
2 0.462109 0.606944 0.0414063 0.0694444 0.745345
2 0.367188 0.686111 0.0578125 0.108333 0.763962
2 0.698438 0.952778 0.117188 0.0944444 0.788666
2 0.919531 0.634028 0.0796875 0.0652778 0.812836
2 0.570312 0.724306 0.06875 0.115278 0.826709
2 0.483203 0.891667 0.0914062 0.191667 0.848373
