2 0.396094 0.505556 0.03125 0.0805556 0.255437
2 0.458984 0.478472 0.0179687 0.0236111 0.286131
5 0.651563 0.395139 0.0875 0.0402778 0.296612
2 0.495313 0.48125 0.0203125 0.0347222 0.303739
2 0.533984 0.520833 0.0242187 0.0361111 0.458493
2 0.434766 0.502778 0.0226563 0.0333333 0.459639
2 0.489062 0.524306 0.0265625 0.0375 0.55346
2 0.640625 0.513889 0.0296875 0.0388889 0.566349
2 0.441406 0.560417 0.0328125 0.0486111 0.634538
2 0.561719 0.5625 0.0328125 0.0472222 0.671086
2 0.711328 0.581944 0.0539063 0.0583333 0.701915
2 0.702344 0.769444 0.0890625 0.122222 0.70936
2 0.321484 0.878472 0.0914062 0.170833 0.765425
2 0.805469 0.615278 0.0640625 0.0583333 0.799014
2 0.455859 0.616667 0.0445312 0.075 0.810669
2 0.517187 0.590972 0.0359375 0.0569444 0.813594
2 0.364844 0.697917 0.059375 0.109722 0.818506
2 0.596094 0.632639 0.0515625 0.0708333 0.828685
2 0.480859 0.827778 0.0710938 0.147222 0.837745
2 0.38125 0.615972 0.0375 0.0625 0.848351
