2 0.467187 0.46875 0.021875 0.0236111 0.269454
7 0.303125 0.957639 0.084375 0.0791667 0.284011
2 0.748047 0.596528 0.0648438 0.0763889 0.294234
2 0.503125 0.50625 0.0375 0.0458333 0.313158
2 0.410156 0.527083 0.028125 0.0458333 0.335475
2 0.490234 0.4875 0.0242187 0.0416667 0.38504
2 0.533594 0.511806 0.021875 0.0291667 0.414441
2 0.441406 0.5 0.0203125 0.0305556 0.461497
2 0.510156 0.538889 0.0296875 0.0472222 0.607522
2 0.487891 0.9125 0.0992187 0.175 0.625118
2 0.458203 0.548611 0.0257812 0.0472222 0.670146
2 0.551953 0.541667 0.0257812 0.0333333 0.681398
2 0.596484 0.580556 0.0367187 0.0555556 0.698521
2 0.476562 0.677778 0.0484375 0.0916667 0.699064
2 0.371484 0.713889 0.0585938 0.1 0.785416
2 0.532422 0.605556 0.0398437 0.0638889 0.79291
2 0.394922 0.602083 0.0367187 0.0708333 0.805413
2 0.635547 0.647222 0.0617188 0.0833333 0.810946
2 0.580469 0.707639 0.0671875 0.109722 0.822738
2 0.916016 0.745833 0.103906 0.108333 0.825887
