7 0.408203 0.525 0.0382813 0.125 0.359246
2 0.557813 0.526389 0.0296875 0.0444444 0.366503
7 0.663281 0.66875 0.0671875 0.106944 0.395975
2 0.521094 0.5375 0.034375 0.0472222 0.452969
7 0.455469 0.493056 0.028125 0.0777778 0.462205
2 0.661719 0.667361 0.0640625 0.106944 0.467974
2 0.908984 0.649306 0.0726563 0.0819444 0.521968
2 0.599609 0.588194 0.0445312 0.0652778 0.534408
2 0.798047 0.540972 0.0507812 0.0569444 0.581651
2 0.862109 0.663194 0.0898438 0.0791667 0.613037
2 0.735547 0.546528 0.0460938 0.0402778 0.646905
2 0.473828 0.626389 0.0414063 0.105556 0.680313
2 0.534766 0.591667 0.0414063 0.0722222 0.691922
2 0.358984 0.765278 0.0757812 0.147222 0.708254
2 0.382422 0.647917 0.0492188 0.0791667 0.736954
2 0.576172 0.676389 0.0554687 0.0972222 0.78469
2 0.978906 0.659028 0.0421875 0.0569444 0.795692
2 0.496875 0.814583 0.0859375 0.179167 0.861116
2 0.792969 0.859722 0.121875 0.172222 0.874492
