2 0.410937 0.459028 0.0234375 0.0263889 0.341927
2 0.38125 0.484722 0.0234375 0.0611111 0.350542
2 0.50625 0.49375 0.025 0.0347222 0.354663
2 0.552344 0.556944 0.0359375 0.05 0.393671
7 0.304297 0.896528 0.100781 0.195833 0.454507
2 0.476562 0.514583 0.028125 0.0402778 0.498895
2 0.303516 0.895833 0.103906 0.194444 0.533425
2 0.371484 0.545833 0.0320312 0.0472222 0.643528
2 0.447656 0.856944 0.0890625 0.222222 0.681435
2 0.733594 0.816667 0.114063 0.158333 0.688889
2 0.429688 0.515278 0.0296875 0.0555556 0.691671
2 0.511719 0.581944 0.0421875 0.0694444 0.692521
2 0.452734 0.695833 0.0570313 0.0972222 0.707562
2 0.713672 0.545139 0.0445312 0.0402778 0.708838
2 0.602734 0.628472 0.0570313 0.0791667 0.771014
2 0.373828 0.628472 0.0414063 0.0819444 0.773874
2 0.579687 0.752083 0.084375 0.159722 0.856312
