5 0.448047 0.330556 0.110156 0.0555556 0.337708
2 0.406641 0.581944 0.0382813 0.0694444 0.35145
7 0.625391 0.813889 0.0867188 0.163889 0.356505
7 0.696484 0.711806 0.0820312 0.143056 0.382639
2 0.511719 0.954167 0.10625 0.0861111 0.437409
25 0.0246094 0.740278 0.0492188 0.108333 0.439877
7 0.460938 0.518056 0.0359375 0.0916667 0.495847
2 0.696875 0.713194 0.08125 0.145833 0.508434
5 0.405078 0.529861 0.0429688 0.154167 0.509772
2 0.503906 0.520139 0.028125 0.0375 0.564268
2 0.537891 0.571528 0.0429688 0.0680556 0.600753
2 0.975781 0.727083 0.0484375 0.0847222 0.634897
2 0.626953 0.810417 0.0835937 0.159722 0.650625
2 0.480859 0.688194 0.0523437 0.115278 0.710803
2 0.328906 0.877778 0.104687 0.213889 0.719208
2 0.477344 0.592361 0.0375 0.0513889 0.725954
2 0.626562 0.630556 0.0546875 0.0805556 0.728894
2 0.795703 0.545833 0.0492188 0.0472222 0.754042
2 0.555078 0.654861 0.0570313 0.0930556 0.811418
2 0.368359 0.700694 0.0585938 0.0986111 0.81381
2 0.848437 0.91875 0.153125 0.159722 0.850044
