7 0.496484 0.774306 0.0945313 0.279167 0.289552
2 0.608984 0.592361 0.0507812 0.0708333 0.319319
7 0.928125 0.947222 0.14375 0.0972222 0.328124
2 0.925391 0.943056 0.149219 0.0972222 0.334104
2 0.45625 0.518056 0.03125 0.0472222 0.355167
2 0.791797 0.516667 0.0445312 0.0416667 0.415396
2 0.516406 0.470139 0.021875 0.0291667 0.427947
25 0.0214844 0.738889 0.0414063 0.1 0.447317
2 0.495313 0.504167 0.0234375 0.0388889 0.469183
2 0.495313 0.768056 0.0921875 0.286111 0.574147
2 0.565625 0.529861 0.0328125 0.0430556 0.612462
2 0.462891 0.563889 0.0351562 0.0583333 0.670756
2 0.516016 0.539583 0.0335938 0.0569444 0.688258
2 0.639844 0.64375 0.0671875 0.0902778 0.730343
2 0.547266 0.613889 0.0460938 0.0638889 0.77515
2 0.349609 0.892361 0.102344 0.204167 0.792649
2 0.975391 0.65 0.0492188 0.0777778 0.796238
2 0.720312 0.760417 0.0953125 0.143056 0.854291
5 0.366797 0.630556 0.0898438 0.233333 0.858679
2 0.604297 0.766667 0.0820312 0.136111 0.876034
