2 0.503125 0.521528 0.0265625 0.0486111 0.29981
2 0.402734 0.502778 0.0242187 0.0361111 0.382648
2 0.301172 0.936111 0.100781 0.125 0.415817
2 0.440625 0.53125 0.028125 0.0486111 0.483091
2 0.675781 0.51875 0.034375 0.0430556 0.498031
2 0.559766 0.543056 0.0304688 0.0416667 0.530553
7 0.303125 0.936111 0.103125 0.125 0.568924
2 0.775391 0.85625 0.132031 0.209722 0.661626
2 0.357031 0.713889 0.0640625 0.122222 0.665429
5 0.682813 0.3375 0.140625 0.0583333 0.669159
2 0.664844 0.677778 0.0703125 0.1 0.689841
2 0.583594 0.588889 0.0359375 0.0555556 0.700412
2 0.392188 0.575694 0.034375 0.0597222 0.706766
2 0.530078 0.597222 0.0414063 0.0638889 0.756764
2 0.486328 0.934028 0.0976562 0.120833 0.758887
2 0.463672 0.629167 0.0460938 0.0805556 0.784963
2 0.585547 0.78125 0.0804688 0.134722 0.860582
