2 0.483203 0.465972 0.0210938 0.0291667 0.259603
2 0.435547 0.534722 0.0242187 0.0361111 0.283687
2 0.394922 0.500694 0.0273438 0.0458333 0.292015
7 0.338672 0.809722 0.0742188 0.133333 0.360469
2 0.479688 0.502778 0.025 0.0333333 0.434861
2 0.542969 0.532639 0.028125 0.0375 0.522281
2 0.885938 0.709722 0.0859375 0.105556 0.53591
2 0.503516 0.55 0.0304688 0.0444444 0.550509
2 0.635547 0.886111 0.111719 0.2 0.655673
2 0.972266 0.734028 0.0554687 0.0791667 0.657899
2 0.450391 0.577778 0.0382813 0.05 0.687828
2 0.337891 0.80625 0.0757812 0.140278 0.690956
2 0.702734 0.5625 0.0429688 0.0472222 0.724859
2 0.648438 0.682639 0.0671875 0.0902778 0.746759
2 0.571875 0.585417 0.0390625 0.0597222 0.750181
2 0.385938 0.580556 0.0328125 0.0555556 0.763912
2 0.470313 0.733333 0.0546875 0.108333 0.795096
2 0.371484 0.657639 0.0523437 0.0958333 0.825139
2 0.480469 0.879861 0.084375 0.179167 0.862381
