7 0.448438 0.46875 0.0328125 0.0625 0.298896
2 0.523828 0.49375 0.0226563 0.0263889 0.309105
2 0.560156 0.538194 0.0296875 0.0375 0.342546
7 0.408984 0.489583 0.0320312 0.101389 0.365514
2 0.505078 0.534028 0.0304688 0.0458333 0.476157
2 0.313281 0.906944 0.103125 0.177778 0.489682
2 0.462891 0.565972 0.0320312 0.0708333 0.518594
2 0.8625 0.634722 0.075 0.0611111 0.570564
7 0.312891 0.908333 0.103906 0.177778 0.600967
2 0.601172 0.590972 0.0429688 0.0708333 0.611805
2 0.386328 0.651389 0.0554687 0.1 0.645258
2 0.530078 0.578472 0.0335938 0.0541667 0.66859
2 0.758594 0.534028 0.04375 0.0430556 0.74111
2 0.478125 0.655556 0.0515625 0.0944444 0.818967
2 0.687891 0.711806 0.0757812 0.101389 0.849479
2 0.622656 0.819444 0.0921875 0.15 0.868414
2 0.482812 0.913889 0.101562 0.166667 0.892535
2 0.821484 0.909028 0.150781 0.176389 0.893051
