2 0.641406 0.496528 0.034375 0.0402778 0.265016
2 0.532422 0.509028 0.0273438 0.0319444 0.284514
2 0.455859 0.530556 0.0257812 0.0444444 0.379062
2 0.314453 0.93125 0.110156 0.131944 0.419921
7 0.313672 0.931944 0.110156 0.133333 0.43474
2 0.566016 0.542361 0.0304688 0.0541667 0.498408
2 0.682813 0.519444 0.040625 0.0444444 0.502118
2 0.824609 0.945833 0.146094 0.102778 0.564834
2 0.678906 0.950694 0.110937 0.0958333 0.675664
2 0.397656 0.60625 0.0390625 0.0708333 0.695702
2 0.467578 0.589583 0.0382813 0.0652778 0.775611
2 0.495313 0.895833 0.096875 0.205556 0.793827
2 0.625391 0.626389 0.0523437 0.0666667 0.810695
2 0.906641 0.589583 0.0382813 0.0458333 0.812013
2 0.368359 0.733333 0.0632813 0.108333 0.841822
2 0.553906 0.645139 0.0515625 0.0763889 0.842064
2 0.469141 0.713889 0.0585938 0.108333 0.850448
2 0.696094 0.736806 0.0859375 0.1125 0.876168
