7 0.408984 0.526389 0.0382813 0.116667 0.30503
2 0.555469 0.523611 0.03125 0.0472222 0.394929
2 0.519922 0.534028 0.0351562 0.0458333 0.443797
2 0.990625 0.667361 0.01875 0.0430556 0.444357
7 0.454688 0.490278 0.028125 0.0777778 0.474084
2 0.88125 0.672222 0.1 0.075 0.504583
2 0.808203 0.545833 0.0539063 0.0611111 0.58663
2 0.658594 0.661806 0.0640625 0.104167 0.590339
2 0.598828 0.584722 0.0398437 0.0666667 0.599881
2 0.745313 0.551389 0.0484375 0.0444444 0.617012
2 0.922656 0.660417 0.09375 0.0819444 0.675923
2 0.533594 0.589583 0.0390625 0.0680556 0.703316
2 0.360547 0.75625 0.0742188 0.143056 0.723101
2 0.473437 0.623611 0.040625 0.105556 0.732869
2 0.383984 0.64375 0.0492188 0.0763889 0.772841
2 0.572656 0.670833 0.05625 0.0944444 0.810114
2 0.788672 0.851389 0.121094 0.172222 0.846358
2 0.496094 0.802083 0.0828125 0.176389 0.850802
