2 0.480469 0.470139 0.0203125 0.0263889 0.304378
2 0.382422 0.485417 0.0242187 0.0597222 0.325342
2 0.414062 0.460417 0.025 0.0236111 0.383348
7 0.291406 0.925694 0.109375 0.148611 0.390701
2 0.512109 0.499306 0.0257812 0.0347222 0.474643
2 0.482422 0.522222 0.0320312 0.0416667 0.50441
2 0.558984 0.564583 0.0382813 0.0569444 0.537381
2 0.291797 0.927083 0.108594 0.145833 0.589579
2 0.683594 0.524306 0.0375 0.0375 0.636922
2 0.433594 0.522222 0.03125 0.0527778 0.698282
2 0.371484 0.553472 0.0320312 0.0486111 0.755376
2 0.51875 0.595139 0.0484375 0.0708333 0.793907
2 0.768359 0.538889 0.0554687 0.0527778 0.800604
2 0.370313 0.646528 0.046875 0.0847222 0.811681
2 0.456641 0.729167 0.0617188 0.119444 0.829328
2 0.617578 0.645833 0.0632813 0.0861111 0.833522
2 0.451953 0.889583 0.0945313 0.215278 0.837223
2 0.772656 0.86875 0.13125 0.179167 0.865835
2 0.600391 0.803472 0.0992187 0.193056 0.869038
