2 0.521094 0.478472 0.01875 0.0263889 0.271792
2 0.449609 0.48125 0.0210938 0.0291667 0.29146
25 0.0261719 0.744444 0.0523437 0.111111 0.308673
7 0.308203 0.816667 0.155469 0.347222 0.374962
2 0.475781 0.467361 0.0203125 0.0291667 0.377361
2 0.684375 0.704861 0.08125 0.1125 0.417499
5 0.303516 0.814583 0.163281 0.356944 0.490222
7 0.685547 0.704167 0.0820312 0.113889 0.496847
2 0.637891 0.632639 0.0601562 0.0875 0.522766
2 0.508203 0.513194 0.0257812 0.0375 0.532311
2 0.55 0.510417 0.025 0.0402778 0.571456
2 0.598437 0.576389 0.040625 0.0555556 0.572769
2 0.460547 0.527083 0.0289063 0.0458333 0.603643
2 0.390625 0.693056 0.0484375 0.1 0.618587
2 0.530078 0.575 0.0351562 0.0583333 0.688217
2 0.401563 0.6 0.0359375 0.05 0.727863
2 0.474609 0.59375 0.0398437 0.0625 0.750884
2 0.561719 0.644444 0.0578125 0.1 0.756179
2 0.517969 0.926389 0.096875 0.144444 0.808066
2 0.483984 0.682639 0.0539063 0.0902778 0.809273
2 0.618359 0.797222 0.0851562 0.141667 0.845893
2 0.861719 0.91875 0.159375 0.156944 0.850684
2 0.959766 0.686111 0.0804688 0.0916667 0.874265
