2 0.462109 0.48125 0.0210938 0.0263889 0.295082
2 0.446094 0.558333 0.03125 0.0527778 0.408922
2 0.510547 0.5 0.0257812 0.0361111 0.487159
2 0.425 0.488194 0.0265625 0.0375 0.526787
7 0.794141 0.893056 0.146094 0.208333 0.538053
2 0.750781 0.531944 0.0484375 0.05 0.539113
2 0.794922 0.893056 0.146094 0.205556 0.558484
2 0.732031 0.586806 0.05625 0.0569444 0.623326
2 0.555078 0.54375 0.0367187 0.0513889 0.685699
2 0.448438 0.6125 0.04375 0.0694444 0.719247
2 0.379297 0.542361 0.0351562 0.0569444 0.756755
2 0.639063 0.68125 0.0703125 0.0958333 0.757463
2 0.517187 0.599306 0.0453125 0.0708333 0.845192
2 0.334766 0.815278 0.0804688 0.177778 0.850578
2 0.355859 0.651389 0.0492188 0.0833333 0.856052
2 0.607031 0.79375 0.101562 0.173611 0.866553
2 0.877344 0.644444 0.0796875 0.0805556 0.870611
