2 0.454688 0.455556 0.0203125 0.025 0.275548
2 0.476953 0.490972 0.0273438 0.0319444 0.278419
2 0.64375 0.502083 0.0328125 0.0375 0.2926
2 0.525391 0.503472 0.0257812 0.0347222 0.300755
7 0.347266 0.745833 0.0742188 0.136111 0.430103
2 0.399609 0.509722 0.0242187 0.0388889 0.436051
2 0.346484 0.748611 0.0726563 0.136111 0.510264
2 0.504297 0.534028 0.0320312 0.0430556 0.525636
2 0.439453 0.54375 0.0289063 0.0569444 0.538468
2 0.562891 0.554861 0.0335938 0.0486111 0.539294
2 0.747266 0.611806 0.0570313 0.0513889 0.539618
2 0.764063 0.549306 0.0453125 0.0402778 0.585184
5 0.743359 0.339583 0.141406 0.0652778 0.63784
2 0.591406 0.609028 0.0390625 0.0597222 0.749779
2 0.386719 0.589583 0.0375 0.0597222 0.760357
2 0.685156 0.713194 0.0828125 0.115278 0.762535
2 0.534766 0.617361 0.0492188 0.0763889 0.807857
2 0.462891 0.65625 0.0507812 0.0930556 0.810141
2 0.826172 0.909028 0.161719 0.181944 0.818924
2 0.608203 0.848611 0.0976562 0.166667 0.853247
