5 0.226562 0.886806 0.195312 0.223611 0.252742
2 0.451562 0.493056 0.025 0.0361111 0.371257
7 0.725 0.7625 0.1 0.147222 0.386456
25 0.0234375 0.735417 0.0453125 0.104167 0.397209
2 0.482422 0.480556 0.0210938 0.0305556 0.411725
7 0.586328 0.710417 0.0695312 0.1375 0.418893
2 0.586328 0.707639 0.0710938 0.143056 0.424313
7 0.365625 0.780556 0.0671875 0.138889 0.443632
2 0.725391 0.763194 0.102344 0.143056 0.511688
2 0.713672 0.526389 0.0414063 0.0444444 0.541154
2 0.557813 0.517361 0.0296875 0.0430556 0.545854
2 0.4625 0.547222 0.0328125 0.05 0.587593
2 0.515625 0.538889 0.0296875 0.0388889 0.600207
2 0.654297 0.658333 0.0601562 0.0888889 0.66037
2 0.8 0.572917 0.05625 0.0652778 0.679339
2 0.60625 0.5875 0.0453125 0.0583333 0.706074
2 0.390234 0.634722 0.0445312 0.0777778 0.721411
2 0.476562 0.640278 0.05 0.0805556 0.776033
2 0.674609 0.934722 0.121094 0.127778 0.820117
2 0.537109 0.603472 0.0460938 0.0597222 0.82082
2 0.489062 0.796528 0.06875 0.140278 0.827706
