7 0.290625 0.950694 0.0984375 0.0736111 0.257087
2 0.464844 0.532639 0.0390625 0.101389 0.317055
2 0.685156 0.477778 0.03125 0.0361111 0.340607
2 0.566406 0.524306 0.03125 0.0486111 0.343136
2 0.736719 0.757639 0.0984375 0.184722 0.357455
7 0.737109 0.757639 0.0976562 0.181944 0.362123
5 0.735156 0.755556 0.096875 0.186111 0.399294
2 0.596484 0.564583 0.0351562 0.0625 0.456415
7 0.465234 0.533333 0.0398437 0.1 0.458546
2 0.289453 0.951389 0.0992187 0.0805556 0.467914
2 0.517187 0.535417 0.0328125 0.0486111 0.493634
2 0.401563 0.603472 0.0453125 0.0819444 0.506429
5 0.4 0.509028 0.0453125 0.120833 0.5704
2 0.348828 0.764583 0.0742188 0.131944 0.587505
2 0.745313 0.539583 0.0484375 0.0486111 0.591217
2 0.983203 0.659028 0.0335938 0.0513889 0.682802
2 0.889453 0.943056 0.166406 0.111111 0.700245
2 0.560156 0.615972 0.053125 0.0847222 0.709252
2 0.652344 0.657639 0.0640625 0.0930556 0.750975
2 0.488672 0.790278 0.0679687 0.163889 0.772281
2 0.483594 0.633333 0.0515625 0.0888889 0.773521
2 0.591406 0.757639 0.084375 0.148611 0.819028
2 0.910547 0.681944 0.0992187 0.0916667 0.884074
