25 0.0246094 0.738194 0.0492188 0.106944 0.257274
2 0.530859 0.559722 0.0429688 0.0611111 0.276373
2 0.407813 0.552083 0.03125 0.0430556 0.310492
2 0.451562 0.488889 0.025 0.0305556 0.311108
7 0.254297 0.836806 0.227344 0.326389 0.325684
2 0.572266 0.673611 0.0617188 0.108333 0.326059
2 0.524219 0.484028 0.0234375 0.0319444 0.344642
7 0.64375 0.641667 0.065625 0.0972222 0.37706
2 0.479688 0.475 0.021875 0.025 0.430442
2 0.379297 0.726389 0.0617188 0.116667 0.435872
2 0.698047 0.722917 0.0851562 0.120833 0.472579
2 0.642969 0.640972 0.0625 0.0930556 0.476398
7 0.378516 0.727778 0.0617188 0.113889 0.483555
7 0.696484 0.726389 0.0867188 0.122222 0.485523
7 0.571094 0.670833 0.0625 0.111111 0.505143
2 0.917578 0.954861 0.157031 0.0847222 0.571023
2 0.553906 0.513194 0.028125 0.0402778 0.572847
2 0.511328 0.525694 0.0289063 0.0402778 0.590682
2 0.602344 0.582639 0.0421875 0.0541667 0.608028
2 0.461719 0.536806 0.0296875 0.0458333 0.706876
2 0.398828 0.608333 0.0398437 0.0666667 0.709082
2 0.534375 0.5875 0.0390625 0.0583333 0.77518
2 0.823438 0.595139 0.0625 0.0625 0.777439
2 0.475391 0.609722 0.0445312 0.0694444 0.783671
2 0.485938 0.720833 0.05625 0.108333 0.836118
2 0.639453 0.8625 0.0992187 0.163889 0.844408
2 0.952734 0.683333 0.0945313 0.1 0.850923
