2 0.452344 0.461111 0.0234375 0.025 0.260302
7 0.382812 0.488889 0.0328125 0.0972222 0.278671
2 0.439844 0.522917 0.025 0.0402778 0.279532
2 0.979297 0.811111 0.0414063 0.075 0.339159
2 0.494922 0.48125 0.0226563 0.0291667 0.350702
2 0.658984 0.48125 0.0351562 0.0402778 0.405119
2 0.607031 0.470139 0.028125 0.0319444 0.426762
2 0.420703 0.469444 0.0226563 0.0277778 0.506053
2 0.739844 0.596528 0.0546875 0.0541667 0.512884
2 0.698047 0.965972 0.114844 0.0625 0.525565
2 0.383203 0.495139 0.0304688 0.0791667 0.531449
2 0.534766 0.513194 0.0257812 0.0375 0.632944
2 0.683984 0.733333 0.0898438 0.136111 0.778122
2 0.498437 0.55 0.0359375 0.0555556 0.780952
2 0.439844 0.551389 0.034375 0.0666667 0.79291
2 0.594922 0.607639 0.0460938 0.0680556 0.795944
2 0.553516 0.660417 0.0632813 0.104167 0.800134
2 0.358203 0.706944 0.0617188 0.119444 0.814719
2 0.364844 0.590278 0.0390625 0.0611111 0.826865
2 0.930469 0.63125 0.090625 0.0791667 0.846573
2 0.473437 0.9125 0.104687 0.166667 0.893599
