2 0.537109 0.513889 0.0210938 0.0277778 0.287929
2 0.719141 0.525 0.0414063 0.0388889 0.354322
2 0.492188 0.498611 0.025 0.0361111 0.361889
2 0.410156 0.532639 0.03125 0.0430556 0.393918
2 0.441016 0.503472 0.0226563 0.0402778 0.40273
2 0.487891 0.936806 0.0992187 0.109722 0.427078
2 0.851562 0.679167 0.078125 0.0583333 0.490533
2 0.557031 0.545139 0.0234375 0.0347222 0.556494
2 0.511719 0.546528 0.0296875 0.0430556 0.562025
2 0.601172 0.586806 0.0414063 0.0569444 0.614384
2 0.459375 0.556944 0.0296875 0.0472222 0.659032
2 0.590625 0.733333 0.071875 0.122222 0.6981
2 0.975781 0.732639 0.0484375 0.0763889 0.719413
2 0.392578 0.613889 0.0398437 0.075 0.740158
2 0.367188 0.732639 0.0609375 0.109722 0.780375
2 0.537891 0.619444 0.0398437 0.0638889 0.789066
2 0.644922 0.661111 0.0664062 0.0944444 0.818333
2 0.477344 0.697222 0.0515625 0.1 0.828484
