2 0.407813 0.503472 0.025 0.0402778 0.256433
2 0.45 0.513889 0.0234375 0.0444444 0.295689
2 0.498047 0.526389 0.0242187 0.0361111 0.334791
2 0.551953 0.535417 0.0273438 0.0375 0.477648
2 0.682813 0.526389 0.0390625 0.0444444 0.579501
2 0.399609 0.593056 0.0367187 0.0611111 0.617733
2 0.462891 0.572222 0.0335938 0.0527778 0.646101
2 0.797266 0.560417 0.0539063 0.0541667 0.655865
2 0.604297 0.602778 0.0429688 0.0611111 0.725346
2 0.539453 0.611806 0.0414063 0.0597222 0.748152
2 0.335938 0.883333 0.0984375 0.202778 0.788669
2 0.740625 0.563194 0.0484375 0.0513889 0.803933
2 0.485938 0.806944 0.0796875 0.166667 0.827357
2 0.464063 0.673611 0.0515625 0.0888889 0.829598
2 0.378906 0.703472 0.053125 0.0930556 0.832721
2 0.659375 0.688889 0.06875 0.0888889 0.835952
2 0.758984 0.888194 0.132031 0.184722 0.838435
2 0.622266 0.849306 0.0914062 0.156944 0.87219
