2 0.483203 0.465972 0.0210938 0.0291667 0.268036
2 0.435547 0.536111 0.0242187 0.0361111 0.273576
2 0.394922 0.501389 0.0257812 0.0444444 0.32152
2 0.479688 0.504167 0.025 0.0333333 0.448939
2 0.543359 0.533333 0.0289063 0.0361111 0.482713
2 0.503125 0.551389 0.0296875 0.0444444 0.602516
2 0.700391 0.561806 0.0445312 0.0486111 0.673336
2 0.882031 0.702083 0.0765625 0.0958333 0.684474
2 0.450391 0.577778 0.0382813 0.0555556 0.713947
2 0.337891 0.809028 0.0757812 0.140278 0.720618
2 0.572266 0.586111 0.0398437 0.0583333 0.731502
2 0.65 0.685417 0.06875 0.0930556 0.733275
2 0.385547 0.582639 0.0335938 0.0569444 0.739415
2 0.967578 0.727778 0.0648438 0.0944444 0.751415
2 0.637891 0.889583 0.110156 0.195833 0.807855
2 0.471094 0.736111 0.0546875 0.111111 0.810187
2 0.371094 0.659722 0.053125 0.0972222 0.826031
2 0.480469 0.886111 0.0875 0.183333 0.872761
