2 0.528516 0.482639 0.0242187 0.0347222 0.320665
25 0.0234375 0.731944 0.046875 0.108333 0.390774
2 0.45 0.492361 0.0234375 0.0319444 0.392442
2 0.462891 0.539583 0.0335938 0.0458333 0.411183
2 0.506641 0.522222 0.0273438 0.0416667 0.513797
2 0.618359 0.606944 0.0507812 0.0777778 0.571513
7 0.515234 0.859028 0.125781 0.268056 0.600938
2 0.809375 0.54375 0.053125 0.0569444 0.655401
2 0.580078 0.542361 0.0351562 0.0486111 0.686909
2 0.470313 0.590972 0.0359375 0.0652778 0.704132
2 0.529688 0.567361 0.0359375 0.0708333 0.723868
2 0.657812 0.659722 0.065625 0.0888889 0.762774
2 0.566016 0.652083 0.0539063 0.0791667 0.778059
2 0.745703 0.789583 0.103906 0.156944 0.788485
2 0.489844 0.690972 0.05625 0.0847222 0.813447
5 0.353906 0.681944 0.110937 0.288889 0.847477
2 0.667969 0.911806 0.11875 0.173611 0.869204
