2 0.482422 0.44375 0.0210938 0.0263889 0.252141
2 0.485938 0.719444 0.0828125 0.230556 0.272204
2 0.892578 0.921528 0.166406 0.156944 0.309026
2 0.440234 0.468056 0.0242187 0.0361111 0.320949
2 0.487891 0.49375 0.0210938 0.0319444 0.358474
7 0.487109 0.714583 0.0773437 0.234722 0.365982
25 0.015625 0.729861 0.03125 0.0819444 0.414738
2 0.665625 0.496528 0.034375 0.0347222 0.416088
2 0.510156 0.466667 0.0203125 0.0277778 0.43816
7 0.892969 0.921528 0.165625 0.156944 0.440654
2 0.453516 0.511806 0.0320312 0.0458333 0.490557
2 0.713672 0.497222 0.0335938 0.0388889 0.504088
2 0.605469 0.588194 0.046875 0.0708333 0.543437
2 0.508594 0.527083 0.028125 0.0597222 0.575218
2 0.460938 0.552778 0.0359375 0.0527778 0.642665
2 0.558594 0.519444 0.03125 0.0472222 0.672568
2 0.538672 0.590972 0.0414063 0.0652778 0.726626
2 0.637891 0.638194 0.0601562 0.0847222 0.777345
2 0.361328 0.829861 0.0898438 0.179167 0.815944
2 0.711328 0.748611 0.0898438 0.136111 0.833166
2 0.582812 0.714583 0.0703125 0.1125 0.859531
5 0.372266 0.609722 0.0835937 0.208333 0.866247
