25 0.0175781 0.728472 0.0351562 0.0958333 0.266671
5 0.775781 0.347917 0.0546875 0.0347222 0.327494
2 0.404687 0.585417 0.040625 0.0763889 0.382336
2 0.585156 0.552778 0.0328125 0.0583333 0.462634
7 0.462891 0.522917 0.0351562 0.0902778 0.51106
2 0.508203 0.522917 0.0273438 0.0430556 0.517581
7 0.710156 0.727083 0.0875 0.154167 0.557576
5 0.403906 0.529167 0.04375 0.155556 0.574265
2 0.750391 0.51875 0.0398437 0.0430556 0.636441
2 0.658984 0.8875 0.100781 0.2 0.678363
2 0.636328 0.639583 0.0617188 0.0875 0.681524
2 0.544141 0.5875 0.0476562 0.0694444 0.775967
2 0.479297 0.60625 0.0414063 0.0625 0.781104
2 0.879687 0.638194 0.0859375 0.0847222 0.782341
2 0.483203 0.707639 0.0570313 0.1375 0.786422
2 0.563672 0.681944 0.0632813 0.105556 0.796406
2 0.362109 0.720139 0.0664062 0.115278 0.829245
2 0.860937 0.927778 0.151562 0.141667 0.841003
2 0.313281 0.902083 0.11875 0.193056 0.855129
