2 0.509375 0.495833 0.01875 0.0361111 0.343915
2 0.550391 0.540278 0.0289063 0.0388889 0.397447
2 0.500391 0.543056 0.0289063 0.0388889 0.410472
2 0.307813 0.923611 0.104687 0.141667 0.482694
7 0.361328 0.734722 0.0695312 0.122222 0.484223
7 0.304297 0.927083 0.107031 0.140278 0.498986
2 0.446094 0.586111 0.034375 0.0555556 0.531612
2 0.440625 0.518056 0.025 0.0444444 0.587777
2 0.724219 0.561806 0.0453125 0.0430556 0.598627
2 0.773828 0.877778 0.121094 0.172222 0.653329
2 0.624219 0.677083 0.0625 0.0930556 0.73653
2 0.582812 0.590972 0.040625 0.0541667 0.739272
2 0.360547 0.730556 0.0664062 0.125 0.745221
2 0.379687 0.6375 0.040625 0.0666667 0.75306
2 0.535156 0.63125 0.04375 0.0708333 0.789039
2 0.461328 0.654167 0.0492188 0.0916667 0.803364
2 0.496484 0.926389 0.0851562 0.141667 0.809865
2 0.944922 0.728472 0.110156 0.115278 0.855799
