2 0.472656 0.460417 0.021875 0.0291667 0.273775
2 0.448047 0.477083 0.0195312 0.0263889 0.276059
2 0.515625 0.473611 0.0234375 0.0277778 0.302024
2 0.711328 0.563194 0.0539063 0.0513889 0.371275
7 0.314844 0.806944 0.160938 0.380556 0.379385
25 0.0246094 0.745139 0.0492188 0.106944 0.383706
2 0.396094 0.66875 0.04375 0.0902778 0.426885
2 0.502344 0.50625 0.025 0.0347222 0.442999
2 0.403125 0.589583 0.034375 0.0458333 0.501609
2 0.633203 0.624306 0.0570313 0.0847222 0.551058
2 0.460156 0.518056 0.0265625 0.0416667 0.569032
2 0.546875 0.504167 0.025 0.0388889 0.588386
5 0.310156 0.804167 0.165625 0.386111 0.591814
2 0.678516 0.690278 0.0726563 0.108333 0.621901
2 0.821484 0.893056 0.138281 0.197222 0.647453
2 0.524609 0.564583 0.0367187 0.0513889 0.676746
2 0.471484 0.579167 0.0382813 0.0583333 0.706456
2 0.596094 0.570833 0.040625 0.0583333 0.732995
2 0.481641 0.654167 0.0476562 0.0861111 0.786191
2 0.554297 0.622917 0.0523437 0.0875 0.811497
2 0.604297 0.754167 0.0757812 0.119444 0.837876
2 0.508984 0.866667 0.0820312 0.175 0.839126
