2 0.486328 0.492361 0.0210938 0.0319444 0.259577
2 0.879297 0.911111 0.167969 0.172222 0.285844
2 0.675781 0.503472 0.0375 0.0375 0.287598
7 0.875781 0.915278 0.15625 0.166667 0.397085
2 0.439844 0.465278 0.025 0.0361111 0.40794
2 0.725391 0.565278 0.0429688 0.0527778 0.417069
2 0.508984 0.465278 0.0195312 0.0277778 0.441161
2 0.453125 0.507639 0.0296875 0.0402778 0.456268
2 0.50625 0.522222 0.028125 0.0555556 0.558308
2 0.730078 0.504167 0.0367187 0.0444444 0.583767
2 0.603906 0.588194 0.046875 0.0763889 0.587186
2 0.484766 0.704861 0.0742188 0.223611 0.615579
2 0.459766 0.548611 0.0335938 0.0527778 0.629649
2 0.555469 0.516667 0.03125 0.0472222 0.633533
2 0.536328 0.586806 0.0382813 0.0597222 0.689741
2 0.6375 0.636806 0.0578125 0.0847222 0.81315
2 0.364453 0.813194 0.0882813 0.176389 0.822998
5 0.373828 0.602778 0.0835937 0.2 0.829966
2 0.708984 0.745833 0.0898438 0.133333 0.851831
2 0.576563 0.702083 0.0671875 0.106944 0.861415
