2 0.407422 0.45625 0.0226563 0.0236111 0.277147
2 0.677344 0.505556 0.0265625 0.0361111 0.277363
2 0.378125 0.486806 0.01875 0.0375 0.339506
2 0.445312 0.686111 0.0546875 0.0916667 0.34645
2 0.84375 0.963889 0.123438 0.0666667 0.365217
2 0.470313 0.504861 0.0296875 0.0430556 0.429022
2 0.425391 0.504861 0.0257812 0.0486111 0.465381
2 0.541406 0.54375 0.0328125 0.0430556 0.502356
2 0.655078 0.535417 0.0445312 0.0486111 0.586166
2 0.501562 0.5625 0.040625 0.0611111 0.63944
2 0.446875 0.652083 0.0484375 0.0763889 0.685193
2 0.319141 0.826389 0.0835937 0.161111 0.692409
2 0.371484 0.533333 0.0289063 0.0444444 0.711818
2 0.584766 0.60625 0.0523437 0.0736111 0.752922
2 0.375 0.609028 0.040625 0.0736111 0.777598
2 0.689453 0.755556 0.0945313 0.125 0.79826
2 0.556641 0.700694 0.0726563 0.134722 0.80752
2 0.445312 0.785417 0.0765625 0.154167 0.819362
2 0.764844 0.58125 0.05625 0.0513889 0.821083
2 0.890234 0.6 0.0742188 0.0694444 0.849246
