2 0.905469 0.698611 0.0765625 0.0944444 0.2602
2 0.534766 0.529167 0.0648438 0.0472222 0.279518
2 0.814453 0.550694 0.0523437 0.0625 0.367873
7 0.409375 0.522222 0.0390625 0.125 0.37352
2 0.553906 0.520833 0.03125 0.0472222 0.458861
2 0.51875 0.532639 0.0328125 0.0458333 0.525665
7 0.453906 0.4875 0.028125 0.0805556 0.53446
2 0.656641 0.658333 0.0648438 0.102778 0.611044
2 0.934375 0.670139 0.104687 0.0791667 0.637515
2 0.751953 0.55625 0.0492188 0.0458333 0.641388
2 0.597656 0.582639 0.040625 0.0680556 0.68597
2 0.360938 0.751389 0.0734375 0.141667 0.705503
2 0.532812 0.588194 0.0375 0.0652778 0.710953
2 0.384375 0.641667 0.0484375 0.0722222 0.72167
2 0.472266 0.623611 0.0414063 0.102778 0.738434
2 0.786328 0.845833 0.119531 0.169444 0.821196
2 0.570312 0.665972 0.0546875 0.0902778 0.826163
2 0.494922 0.79375 0.0804688 0.168056 0.85761
