2 0.373047 0.506944 0.0273438 0.0388889 0.312642
2 0.457422 0.486111 0.0226563 0.0305556 0.321941
2 0.485156 0.466667 0.021875 0.0305556 0.34636
2 0.763672 0.555556 0.0554687 0.0472222 0.365536
2 0.523047 0.517361 0.0273438 0.0319444 0.411394
2 0.419141 0.4875 0.0242187 0.0416667 0.480786
2 0.438281 0.596528 0.0453125 0.0708333 0.542435
2 0.485547 0.529167 0.0335938 0.0472222 0.599633
2 0.375391 0.564583 0.0351562 0.0625 0.635353
2 0.556641 0.565278 0.0445312 0.0638889 0.685664
2 0.435156 0.672917 0.05625 0.104167 0.747268
2 0.751562 0.607639 0.0671875 0.0625 0.753573
2 0.70625 0.538194 0.046875 0.0513889 0.759214
2 0.627734 0.666667 0.0679687 0.0833333 0.777107
2 0.336719 0.722917 0.065625 0.115278 0.794716
2 0.526563 0.621528 0.0515625 0.0902778 0.803902
2 0.654688 0.931944 0.125 0.133333 0.837265
2 0.951563 0.709722 0.096875 0.0861111 0.876551
2 0.720312 0.8375 0.103125 0.161111 0.887509
