2 0.824609 0.557639 0.0335938 0.0402778 0.257023
7 0.408594 0.480556 0.034375 0.1 0.286474
7 0.304688 0.961806 0.1 0.0736111 0.320442
2 0.689062 0.493056 0.0328125 0.0416667 0.331556
2 0.5375 0.515972 0.025 0.0319444 0.376787
2 0.660156 0.504861 0.03125 0.0430556 0.391091
2 0.457812 0.534028 0.0296875 0.0541667 0.436216
2 0.489453 0.508333 0.0242187 0.0388889 0.471702
2 0.511328 0.539583 0.0289063 0.0458333 0.510564
2 0.571875 0.55 0.0328125 0.0611111 0.529598
2 0.395703 0.613194 0.0429688 0.0791667 0.730205
2 0.503125 0.921528 0.110937 0.143056 0.77551
2 0.469531 0.602778 0.040625 0.0722222 0.797241
2 0.360938 0.757639 0.0703125 0.115278 0.810952
2 0.472266 0.745139 0.0648438 0.123611 0.81622
2 0.971094 0.66875 0.0578125 0.0708333 0.81769
2 0.635938 0.641667 0.0578125 0.0777778 0.845322
2 0.563672 0.667361 0.0570313 0.0847222 0.852507
2 0.717578 0.768056 0.0960938 0.127778 0.898593
