2 0.499219 0.508333 0.0296875 0.0472222 0.251301
2 0.408203 0.495833 0.0226563 0.0333333 0.328874
2 0.551953 0.53125 0.0257812 0.0319444 0.400848
2 0.441406 0.513194 0.0265625 0.0513889 0.405658
7 0.327344 0.865278 0.0875 0.161111 0.502339
2 0.328516 0.861111 0.0882813 0.163889 0.561708
2 0.572266 0.570833 0.0304688 0.0444444 0.564687
2 0.399609 0.554167 0.0335938 0.05 0.614411
2 0.521875 0.570833 0.0375 0.0555556 0.614543
2 0.749609 0.563889 0.0476562 0.0472222 0.62662
5 0.573828 0.335417 0.141406 0.0652778 0.688553
2 0.975391 0.678472 0.0492188 0.0625 0.703756
2 0.636328 0.632639 0.0585938 0.0819444 0.720187
2 0.463281 0.592361 0.0359375 0.0652778 0.741109
2 0.372266 0.669444 0.0523437 0.0972222 0.765069
2 0.711719 0.757639 0.0984375 0.143056 0.823196
2 0.5625 0.697917 0.0625 0.0986111 0.826174
2 0.481641 0.838194 0.0773437 0.156944 0.853503
2 0.674609 0.915972 0.122656 0.165278 0.878826
