7 0.387109 0.703472 0.0507812 0.106944 0.265973
2 0.522266 0.480556 0.0210938 0.0305556 0.269014
2 0.451172 0.482639 0.0242187 0.0291667 0.283313
2 0.407422 0.554167 0.0257812 0.0333333 0.287577
5 0.25625 0.819444 0.239063 0.355556 0.327891
2 0.464453 0.553472 0.0335938 0.0819444 0.337237
2 0.476953 0.46875 0.0195312 0.0291667 0.366877
2 0.3875 0.705556 0.0515625 0.105556 0.544737
2 0.552734 0.511806 0.0273438 0.0375 0.555725
2 0.688281 0.709028 0.0828125 0.118056 0.561427
2 0.6 0.578472 0.0421875 0.0541667 0.645241
2 0.509766 0.51875 0.0273438 0.0375 0.684153
2 0.639844 0.6375 0.0625 0.0888889 0.684676
2 0.523047 0.947917 0.102344 0.101389 0.697087
2 0.460547 0.530556 0.0304688 0.0472222 0.715235
2 0.566406 0.65625 0.0578125 0.104167 0.750323
2 0.879687 0.932639 0.154687 0.129167 0.771967
2 0.533203 0.580556 0.0382813 0.0583333 0.788022
2 0.624609 0.821528 0.0898438 0.151389 0.79376
2 0.485156 0.695833 0.0515625 0.1 0.810109
2 0.400781 0.603472 0.0375 0.0597222 0.815594
2 0.475 0.597222 0.040625 0.0666667 0.836477
2 0.908203 0.645139 0.0726563 0.0819444 0.859428
