25 0.0132813 0.761111 0.0265625 0.0777778 0.334611
2 0.477344 0.493056 0.025 0.0333333 0.409238
2 0.717578 0.584722 0.0476562 0.0444444 0.455514
2 0.398047 0.511806 0.0273438 0.0402778 0.467426
7 0.337109 0.771528 0.0742188 0.134722 0.492056
2 0.527344 0.509722 0.025 0.0361111 0.504984
2 0.733203 0.534722 0.0414063 0.0416667 0.521705
2 0.505078 0.535417 0.0335938 0.0513889 0.551442
2 0.439453 0.54375 0.0335938 0.0680556 0.555259
2 0.699219 0.731944 0.0875 0.122222 0.58914
2 0.337891 0.766667 0.0742188 0.144444 0.638713
2 0.567969 0.561111 0.0359375 0.05 0.639886
2 0.849219 0.93125 0.157813 0.1375 0.698983
2 0.596094 0.616667 0.0421875 0.0666667 0.700288
5 0.772656 0.343056 0.146875 0.0694444 0.710651
2 0.5375 0.627778 0.05 0.0777778 0.783868
2 0.463281 0.673611 0.0515625 0.102778 0.834885
2 0.383203 0.598611 0.0382813 0.0638889 0.848317
2 0.621094 0.893056 0.10625 0.191667 0.852352
