2 0.441797 0.469444 0.0242187 0.0361111 0.282908
2 0.458984 0.53125 0.0367187 0.0652778 0.295614
2 0.487891 0.724306 0.0804688 0.245833 0.379107
5 0.896875 0.925 0.170312 0.15 0.388893
7 0.4875 0.719444 0.078125 0.247222 0.398325
2 0.488281 0.495833 0.021875 0.0333333 0.414217
7 0.898047 0.925694 0.167969 0.148611 0.431376
2 0.70625 0.493056 0.0359375 0.0416667 0.44347
2 0.510938 0.465972 0.0203125 0.0291667 0.484318
2 0.454297 0.513889 0.0320312 0.05 0.493359
2 0.605859 0.588889 0.0476562 0.0694444 0.519481
2 0.510156 0.528472 0.0296875 0.0541667 0.534285
2 0.461328 0.554167 0.0351562 0.0527778 0.610694
2 0.559375 0.520139 0.03125 0.0486111 0.693046
2 0.540625 0.59375 0.040625 0.0652778 0.740131
2 0.639453 0.638889 0.0585938 0.0861111 0.761448
2 0.358594 0.841667 0.0890625 0.183333 0.77016
2 0.7125 0.749306 0.0890625 0.1375 0.781621
5 0.371875 0.611806 0.0828125 0.209722 0.866567
2 0.585156 0.722222 0.06875 0.113889 0.869239
