2 0.712891 0.58125 0.0523437 0.0430556 0.274405
2 0.498437 0.48125 0.0234375 0.0347222 0.374415
2 0.421094 0.471528 0.025 0.0319444 0.468558
2 0.536719 0.518056 0.028125 0.0416667 0.625403
2 0.6 0.61875 0.053125 0.0736111 0.639354
2 0.382812 0.513194 0.0296875 0.0569444 0.693026
2 0.441797 0.560417 0.0367187 0.0652778 0.741252
2 0.560547 0.68125 0.0695312 0.1125 0.744175
2 0.355469 0.721528 0.065625 0.126389 0.792671
2 0.698828 0.757639 0.0992187 0.151389 0.798617
2 0.884375 0.604861 0.0765625 0.0708333 0.815676
2 0.9375 0.759722 0.123438 0.130556 0.83582
2 0.501953 0.559028 0.0367187 0.0569444 0.836256
2 0.476953 0.932639 0.107031 0.126389 0.840178
2 0.362891 0.599306 0.0414063 0.0652778 0.843694
