2 0.535547 0.534722 0.0320312 0.0388889 0.326513
2 0.652734 0.50625 0.0398437 0.0458333 0.401842
2 0.465234 0.500694 0.0273438 0.0347222 0.430105
2 0.371094 0.526389 0.028125 0.0388889 0.471048
2 0.423047 0.502083 0.0257812 0.0458333 0.486342
2 0.678906 0.554861 0.0484375 0.0486111 0.618716
2 0.809375 0.6125 0.0671875 0.0555556 0.61963
2 0.497266 0.550694 0.0382813 0.0569444 0.641753
2 0.325391 0.790278 0.0742188 0.138889 0.64759
2 0.576172 0.593056 0.0460938 0.0694444 0.72923
2 0.442578 0.638889 0.0476562 0.0916667 0.732942
2 0.66875 0.724306 0.0828125 0.115278 0.762051
2 0.375391 0.596528 0.0398437 0.0708333 0.764881
2 0.544922 0.670139 0.0648438 0.1125 0.780693
2 0.805859 0.934028 0.139844 0.129167 0.791193
2 0.441016 0.746528 0.0664062 0.131944 0.797171
2 0.948438 0.626389 0.0953125 0.0777778 0.870589
