2 0.553516 0.546528 0.0304688 0.0402778 0.345798
2 0.713281 0.554167 0.0421875 0.0416667 0.450924
2 0.441797 0.520139 0.0257812 0.0458333 0.457324
7 0.360156 0.742361 0.06875 0.131944 0.463439
7 0.303906 0.93125 0.103125 0.120833 0.465245
2 0.303516 0.934028 0.107031 0.126389 0.485265
2 0.503125 0.55 0.028125 0.0416667 0.561044
2 0.360156 0.738194 0.0671875 0.131944 0.661799
2 0.447656 0.59375 0.0359375 0.0569444 0.688326
2 0.499219 0.938889 0.0859375 0.113889 0.697264
2 0.789062 0.899306 0.132812 0.184722 0.717984
2 0.586719 0.595833 0.0421875 0.0555556 0.75203
2 0.380859 0.642361 0.0414063 0.0708333 0.760124
2 0.630469 0.688889 0.06875 0.0944444 0.763259
2 0.4625 0.6625 0.0515625 0.0916667 0.810157
2 0.539062 0.642361 0.046875 0.0736111 0.816062
2 0.909766 0.701389 0.100781 0.102778 0.878156
