2 0.508984 0.530556 0.0320312 0.0416667 0.256138
2 0.721094 0.502083 0.0375 0.0347222 0.321198
9 0.894141 0.565972 0.0273438 0.0541667 0.398101
7 0.303516 0.91875 0.105469 0.151389 0.413159
2 0.583203 0.554167 0.0367187 0.0583333 0.423581
2 0.6625 0.495833 0.034375 0.0416667 0.439694
2 0.782422 0.830556 0.121094 0.225 0.463364
7 0.782422 0.830556 0.121094 0.216667 0.500294
7 0.466406 0.586111 0.053125 0.144444 0.537693
2 0.304297 0.914583 0.108594 0.156944 0.694219
2 0.386719 0.670139 0.0625 0.109722 0.708242
2 0.744922 0.536806 0.0492188 0.0486111 0.718902
2 0.534766 0.590972 0.0414063 0.0652778 0.783574
5 0.385938 0.540278 0.0578125 0.144444 0.79216
2 0.615234 0.604861 0.0507812 0.0708333 0.799121
2 0.493359 0.746528 0.0679687 0.129167 0.830659
2 0.680078 0.704861 0.0789063 0.118056 0.845633
2 0.921094 0.6625 0.090625 0.0805556 0.849832
2 0.614453 0.7625 0.0914062 0.15 0.860287
