2 0.631641 0.471528 0.0289063 0.0319444 0.290399
2 0.429297 0.5 0.0210938 0.0361111 0.302045
2 0.523828 0.506944 0.0242187 0.0361111 0.303281
2 0.547266 0.547222 0.0335938 0.0472222 0.347924
2 0.487891 0.515278 0.0242187 0.0444444 0.418667
7 0.572656 0.735417 0.0765625 0.129167 0.513461
2 0.385938 0.545833 0.03125 0.0472222 0.551192
2 0.574219 0.731944 0.075 0.125 0.553776
2 0.819922 0.652083 0.0773437 0.0625 0.595804
2 0.791406 0.904167 0.140625 0.186111 0.61528
2 0.460938 0.661111 0.04375 0.0888889 0.694875
2 0.442969 0.535417 0.0328125 0.0458333 0.701134
2 0.673828 0.513889 0.0351562 0.0444444 0.703586
2 0.345703 0.752083 0.0664062 0.118056 0.794506
2 0.376563 0.615972 0.0453125 0.0847222 0.800192
2 0.607031 0.622917 0.0546875 0.0680556 0.804395
2 0.469531 0.750694 0.0640625 0.115278 0.836948
