7 0.471484 0.629861 0.0585938 0.151389 0.256475
2 0.591016 0.572917 0.0445312 0.0652778 0.287395
5 0.469531 0.621528 0.0609375 0.1625 0.30139
2 0.491406 0.492361 0.028125 0.0458333 0.325134
5 0.805469 0.867361 0.13125 0.240278 0.350967
7 0.80625 0.866667 0.13125 0.238889 0.415712
2 0.774219 0.509028 0.04375 0.0458333 0.418656
2 0.519141 0.547222 0.0335938 0.0527778 0.488178
2 0.471484 0.629167 0.0601562 0.158333 0.515616
2 0.379687 0.715972 0.0671875 0.123611 0.695991
2 0.623828 0.620139 0.0523437 0.0763889 0.696055
2 0.925391 0.725 0.108594 0.108333 0.70491
2 0.78125 0.570139 0.0578125 0.0569444 0.710589
2 0.547266 0.625 0.0492188 0.0805556 0.745768
2 0.499219 0.847222 0.0859375 0.183333 0.77791
2 0.914453 0.609028 0.0757812 0.0708333 0.782757
2 0.667188 0.884028 0.125 0.218056 0.810919
5 0.382422 0.561111 0.0679687 0.166667 0.816535
2 0.689453 0.721528 0.0804688 0.118056 0.860867
