2 0.453125 0.464583 0.021875 0.0375 0.278319
2 0.290234 0.9125 0.107031 0.175 0.368653
2 0.510547 0.503472 0.0304688 0.0375 0.405323
2 0.385156 0.533333 0.0328125 0.0472222 0.434938
2 0.478125 0.50625 0.0296875 0.0458333 0.443145
2 0.540625 0.534028 0.0296875 0.0430556 0.520224
7 0.289062 0.914583 0.104687 0.170833 0.54145
2 0.9875 0.820139 0.025 0.0736111 0.659481
2 0.434766 0.596528 0.0414063 0.0791667 0.675465
2 0.509766 0.566667 0.0414063 0.0694444 0.708505
2 0.589453 0.604861 0.0476562 0.0597222 0.753156
2 0.829297 0.901389 0.155469 0.197222 0.775239
2 0.633984 0.693056 0.0679687 0.0944444 0.795199
2 0.907422 0.66875 0.0992187 0.0986111 0.825925
2 0.360938 0.654861 0.05 0.0847222 0.837685
2 0.572656 0.738194 0.078125 0.131944 0.863194
2 0.4625 0.825694 0.0796875 0.173611 0.867326
