25 0.025 0.736111 0.05 0.105556 0.281341
2 0.485938 0.479861 0.01875 0.0263889 0.289712
7 0.347266 0.7125 0.116406 0.3 0.316533
2 0.942187 0.740972 0.115625 0.126389 0.338159
2 0.694922 0.938889 0.130469 0.108333 0.414246
7 0.757031 0.804167 0.107813 0.155556 0.473522
2 0.757031 0.804167 0.107813 0.158333 0.48569
2 0.620703 0.6125 0.0507812 0.0805556 0.492601
2 0.533203 0.484722 0.0226563 0.0361111 0.512279
2 0.464453 0.544444 0.0335938 0.0472222 0.515729
2 0.773828 0.524306 0.0460938 0.0486111 0.519524
2 0.451562 0.495833 0.025 0.0361111 0.566376
2 0.510547 0.534722 0.0289063 0.0388889 0.571113
7 0.519531 0.881944 0.134375 0.219444 0.585293
5 0.349609 0.70625 0.113281 0.309722 0.641348
2 0.583984 0.549306 0.0351562 0.0513889 0.69276
2 0.662109 0.663194 0.0648438 0.0958333 0.719665
2 0.472656 0.6 0.0390625 0.0666667 0.738379
2 0.534766 0.577083 0.0398437 0.0736111 0.771997
2 0.571484 0.66875 0.0570313 0.0902778 0.774178
2 0.493359 0.722917 0.0585938 0.1125 0.853235
