2 0.465234 0.522917 0.0382813 0.0902778 0.261028
5 0.307422 0.917361 0.117969 0.1625 0.379799
2 0.511328 0.525 0.0289063 0.0472222 0.448783
5 0.403906 0.527778 0.04375 0.155556 0.453082
2 0.308203 0.913194 0.114844 0.168056 0.457736
7 0.307422 0.913889 0.116406 0.163889 0.466097
2 0.404297 0.590278 0.0414063 0.075 0.485668
2 0.585547 0.555556 0.0382813 0.0611111 0.492748
2 0.719141 0.735417 0.0914062 0.165278 0.496568
7 0.717578 0.732639 0.0960938 0.165278 0.507203
7 0.463281 0.525694 0.0359375 0.0930556 0.514413
2 0.728125 0.504167 0.0375 0.0416667 0.532113
2 0.359766 0.728472 0.0695312 0.120833 0.715428
2 0.642187 0.645833 0.0625 0.0861111 0.739093
2 0.549609 0.594444 0.0445312 0.075 0.74483
2 0.826953 0.604167 0.0648438 0.0666667 0.769434
2 0.48125 0.6125 0.046875 0.0722222 0.780629
2 0.483203 0.725694 0.0601562 0.148611 0.803488
2 0.869531 0.929861 0.15 0.131944 0.805362
2 0.571484 0.702083 0.0679687 0.1125 0.823211
2 0.679688 0.917361 0.115625 0.165278 0.844073
