2 0.472656 0.470139 0.0234375 0.0347222 0.266129
2 0.498828 0.506944 0.0304688 0.0444444 0.333759
2 0.549609 0.527778 0.0242187 0.0305556 0.349629
2 0.407422 0.49375 0.0226563 0.0347222 0.355933
2 0.569922 0.566667 0.0320312 0.0444444 0.516223
2 0.441797 0.509722 0.0257812 0.0472222 0.53818
2 0.698438 0.564583 0.046875 0.0486111 0.606655
2 0.401172 0.551389 0.0289063 0.0472222 0.656382
2 0.520312 0.565278 0.0359375 0.0555556 0.700048
5 0.546484 0.334722 0.135156 0.0638889 0.702954
2 0.461719 0.584722 0.034375 0.0638889 0.727942
2 0.629297 0.624306 0.0523437 0.0763889 0.74512
2 0.772656 0.579167 0.0546875 0.0555556 0.760961
2 0.377344 0.659722 0.0484375 0.0916667 0.783162
2 0.337109 0.833333 0.0804688 0.152778 0.787527
2 0.558203 0.681944 0.0601562 0.0944444 0.840528
2 0.697656 0.736111 0.0921875 0.138889 0.842019
2 0.657031 0.897222 0.114063 0.202778 0.852415
2 0.480859 0.809028 0.0742188 0.148611 0.863741
