7 0.775781 0.534028 0.0484375 0.0541667 0.359058
2 0.561719 0.531944 0.0296875 0.0388889 0.408128
7 0.457031 0.496528 0.028125 0.0847222 0.408362
5 0.408203 0.525 0.0414063 0.136111 0.409377
2 0.716016 0.535417 0.0445312 0.0430556 0.437372
25 0.0128906 0.747917 0.0257812 0.0819444 0.446674
2 0.777344 0.534028 0.046875 0.0513889 0.456562
2 0.523828 0.540972 0.0367187 0.0486111 0.477522
2 0.842578 0.627778 0.108594 0.0694444 0.496328
2 0.474609 0.638194 0.0429688 0.104167 0.641101
2 0.35625 0.779167 0.0796875 0.161111 0.657476
7 0.664453 0.670139 0.0695312 0.126389 0.664762
2 0.537109 0.603472 0.0445312 0.0708333 0.672909
2 0.604297 0.597222 0.0445312 0.0638889 0.689995
2 0.380859 0.656944 0.0492188 0.0833333 0.738813
2 0.582812 0.695833 0.0609375 0.1 0.790099
2 0.803125 0.874306 0.126563 0.179167 0.803432
2 0.499609 0.841667 0.0898438 0.194444 0.849317
2 0.956641 0.634722 0.0851562 0.0694444 0.85345
