9 0.841016 0.679861 0.0132813 0.0430556 0.346729
2 0.383594 0.490972 0.028125 0.0763889 0.403715
2 0.868359 0.954167 0.147656 0.0861111 0.444483
2 0.526172 0.506944 0.0242187 0.0361111 0.507477
2 0.630859 0.484028 0.0320312 0.0319444 0.572299
2 0.692969 0.497222 0.040625 0.0444444 0.674748
2 0.657031 0.694444 0.078125 0.116667 0.698741
2 0.58125 0.588889 0.04375 0.0611111 0.709532
2 0.492578 0.5375 0.0335938 0.0527778 0.747466
2 0.437891 0.539583 0.0320312 0.0597222 0.780894
2 0.539062 0.632639 0.05625 0.0930556 0.821424
2 0.367969 0.573611 0.0375 0.0583333 0.831796
2 0.362891 0.68125 0.0554687 0.106944 0.847166
2 0.466797 0.836111 0.0804688 0.161111 0.871328
2 0.666016 0.913889 0.142969 0.166667 0.88589
