2 0.456641 0.477778 0.0242187 0.0333333 0.319818
2 0.481641 0.463889 0.0210938 0.0333333 0.356053
2 0.418359 0.484722 0.0242187 0.0388889 0.439177
2 0.466016 0.965972 0.0960938 0.0569444 0.442732
2 0.483203 0.521528 0.0335938 0.0486111 0.540517
2 0.551953 0.556944 0.0398437 0.0583333 0.546916
2 0.733203 0.552778 0.0539063 0.0638889 0.627118
2 0.639453 0.907639 0.125781 0.184722 0.630259
2 0.782031 0.629167 0.0765625 0.0777778 0.657489
2 0.438672 0.579167 0.0367187 0.0611111 0.677538
2 0.377344 0.556944 0.0328125 0.0583333 0.694139
2 0.985547 0.751389 0.0273438 0.0611111 0.720647
2 0.617578 0.652778 0.0632813 0.0777778 0.743414
2 0.435156 0.651389 0.0515625 0.0972222 0.783126
2 0.521094 0.607639 0.05 0.0819444 0.789164
2 0.341016 0.707639 0.0601562 0.104167 0.799707
2 0.698828 0.803472 0.0945313 0.140278 0.864675
