2 0.483984 0.473611 0.0273438 0.0305556 0.262903
2 0.414453 0.460417 0.0242187 0.0236111 0.367012
2 0.383594 0.492361 0.0234375 0.0458333 0.369935
2 0.513672 0.500694 0.0273438 0.0347222 0.420909
2 0.562891 0.567361 0.0398437 0.0569444 0.451548
2 0.483984 0.527083 0.0304688 0.0430556 0.518787
7 0.288281 0.932639 0.110937 0.126389 0.561768
2 0.433984 0.525 0.0304688 0.0527778 0.711522
2 0.453516 0.895833 0.0960938 0.188889 0.7216
2 0.676953 0.51875 0.0351562 0.0402778 0.759034
2 0.757812 0.533333 0.053125 0.05 0.766589
2 0.371875 0.555556 0.03125 0.05 0.777168
2 0.521875 0.6 0.0484375 0.0722222 0.800779
2 0.608984 0.81875 0.105469 0.201389 0.816345
2 0.369922 0.65 0.0492188 0.0861111 0.826491
2 0.458594 0.739583 0.065625 0.120833 0.830838
2 0.622266 0.652778 0.0648438 0.0916667 0.841254
2 0.785156 0.888194 0.140625 0.184722 0.84953
