2 0.465625 0.522917 0.0390625 0.0875 0.259535
5 0.308984 0.914583 0.119531 0.170833 0.277278
2 0.716016 0.730556 0.0929687 0.166667 0.44939
2 0.403906 0.590278 0.040625 0.075 0.489647
2 0.584766 0.553472 0.0382813 0.0597222 0.494669
5 0.403906 0.527778 0.04375 0.155556 0.495437
2 0.510547 0.525 0.0289063 0.0472222 0.496118
7 0.716406 0.731944 0.0921875 0.158333 0.531905
7 0.463281 0.524306 0.0359375 0.0902778 0.535182
2 0.732031 0.506944 0.0390625 0.0416667 0.583732
2 0.310156 0.911111 0.115625 0.175 0.645811
2 0.360156 0.726389 0.06875 0.119444 0.702089
2 0.548828 0.595833 0.0429688 0.0722222 0.725005
2 0.639063 0.645833 0.0625 0.0861111 0.728391
2 0.56875 0.696528 0.0671875 0.1125 0.776894
2 0.480469 0.610417 0.0453125 0.0708333 0.77909
2 0.869531 0.930556 0.153125 0.136111 0.798256
2 0.483203 0.718056 0.0585938 0.147222 0.80442
2 0.844141 0.615278 0.0742188 0.0694444 0.816811
2 0.673437 0.911806 0.110937 0.176389 0.87639
