2 0.493359 0.472917 0.0226563 0.0347222 0.252924
2 0.447656 0.570139 0.034375 0.0513889 0.318978
2 0.621875 0.50625 0.025 0.0347222 0.357902
2 0.516016 0.506944 0.0257812 0.0333333 0.437393
2 0.425 0.488889 0.03125 0.0444444 0.494179
2 0.703125 0.567361 0.0484375 0.0513889 0.556715
2 0.730469 0.518056 0.04375 0.0444444 0.703619
2 0.378125 0.548611 0.0375 0.0611111 0.703902
2 0.559375 0.552083 0.0359375 0.0513889 0.734381
2 0.832812 0.620139 0.0734375 0.0652778 0.743412
2 0.448828 0.626389 0.0460938 0.0666667 0.780811
2 0.329297 0.844444 0.0867188 0.194444 0.806196
2 0.826563 0.911111 0.160938 0.177778 0.845038
2 0.652344 0.697917 0.078125 0.101389 0.847904
2 0.623438 0.831944 0.1125 0.197222 0.858817
2 0.354688 0.661806 0.05 0.0875 0.860452
2 0.521484 0.610417 0.0507812 0.0736111 0.863838
