25 0.009375 0.733333 0.01875 0.075 0.262226
2 0.486719 0.491667 0.0203125 0.0333333 0.266835
2 0.441016 0.465972 0.0257812 0.0347222 0.326546
2 0.722266 0.503472 0.0382813 0.0402778 0.387404
2 0.509766 0.465278 0.0195312 0.0277778 0.395917
2 0.453125 0.508333 0.0296875 0.0416667 0.405163
2 0.717578 0.55625 0.0460938 0.0541667 0.410456
7 0.883203 0.917361 0.157031 0.165278 0.443688
2 0.485547 0.711806 0.0757812 0.226389 0.489048
2 0.507812 0.524306 0.028125 0.0569444 0.502912
2 0.603516 0.588889 0.0476562 0.075 0.544351
2 0.460156 0.550694 0.034375 0.0541667 0.625795
2 0.556641 0.518056 0.0320312 0.0472222 0.630902
2 0.5375 0.588889 0.0390625 0.0611111 0.705497
2 0.6375 0.636806 0.059375 0.0875 0.792654
2 0.363281 0.821528 0.0890625 0.176389 0.840036
2 0.578125 0.707639 0.0703125 0.109722 0.848474
5 0.373047 0.60625 0.0851562 0.206944 0.849581
2 0.710156 0.747917 0.0890625 0.134722 0.859553
