2 0.451953 0.484028 0.0257812 0.0319444 0.285905
2 0.523047 0.481944 0.0210938 0.0305556 0.309291
2 0.408203 0.553472 0.0257812 0.0347222 0.35042
7 0.241016 0.821528 0.255469 0.351389 0.367418
2 0.477344 0.468056 0.01875 0.0305556 0.415151
7 0.689453 0.713194 0.0835937 0.115278 0.476556
2 0.689453 0.711806 0.0851562 0.115278 0.484855
7 0.386328 0.709722 0.0523437 0.108333 0.489575
2 0.386328 0.710417 0.0523437 0.109722 0.503151
2 0.552734 0.513194 0.0273438 0.0375 0.586114
2 0.886328 0.9375 0.157031 0.122222 0.588802
2 0.640234 0.6375 0.0617188 0.0888889 0.648482
2 0.6 0.579167 0.0421875 0.0527778 0.677007
2 0.509766 0.519444 0.0273438 0.0388889 0.682347
2 0.889844 0.634722 0.0734375 0.075 0.70162
2 0.460547 0.531944 0.0304688 0.0472222 0.70291
2 0.567187 0.659028 0.0578125 0.106944 0.73365
2 0.532812 0.58125 0.0375 0.0569444 0.76088
2 0.522656 0.952778 0.0953125 0.0888889 0.761015
2 0.4 0.605556 0.0375 0.0583333 0.806936
2 0.484766 0.699306 0.0539063 0.101389 0.818989
2 0.475 0.601389 0.040625 0.0666667 0.829693
2 0.628125 0.829861 0.0890625 0.148611 0.864007
