7 0.839063 0.563889 0.065625 0.0916667 0.260971
2 0.442578 0.544444 0.0320312 0.05 0.285299
2 0.630469 0.465972 0.034375 0.0375 0.300844
2 0.48125 0.455556 0.0203125 0.0277778 0.312263
2 0.423438 0.477778 0.025 0.0305556 0.414755
2 0.501172 0.485417 0.0242187 0.0347222 0.540659
2 0.381641 0.518056 0.0320312 0.0583333 0.575214
2 0.541406 0.522917 0.03125 0.0430556 0.599839
2 0.720312 0.788194 0.10625 0.168056 0.706819
2 0.610156 0.633333 0.059375 0.0777778 0.711006
2 0.475781 0.959028 0.0921875 0.0708333 0.758635
2 0.504687 0.572222 0.040625 0.0611111 0.788209
2 0.857813 0.689583 0.096875 0.0930556 0.788309
2 0.442969 0.576389 0.0359375 0.0583333 0.798773
2 0.350391 0.741667 0.0695312 0.136111 0.804485
2 0.571094 0.706944 0.078125 0.127778 0.826128
2 0.361719 0.613194 0.04375 0.0708333 0.830959
