2 0.464453 0.48125 0.0226563 0.0236111 0.307123
2 0.672656 0.553472 0.028125 0.0402778 0.330188
2 0.396875 0.534722 0.03125 0.0444444 0.367508
2 0.542578 0.536111 0.0289063 0.0333333 0.556072
2 0.444141 0.576389 0.0351562 0.0583333 0.562326
2 0.437109 0.511806 0.0257812 0.0402778 0.604889
2 0.496094 0.535417 0.0296875 0.0375 0.628874
2 0.752734 0.581944 0.0507812 0.0472222 0.686282
2 0.487891 0.896528 0.0820312 0.179167 0.715464
2 0.573047 0.577778 0.0382813 0.05 0.729551
2 0.312891 0.909028 0.0976562 0.170833 0.739653
2 0.380469 0.626389 0.0375 0.0666667 0.761635
2 0.361328 0.717361 0.0648438 0.120833 0.774048
2 0.611719 0.659722 0.0609375 0.0833333 0.795822
2 0.740234 0.827083 0.107031 0.148611 0.796676
2 0.526563 0.613194 0.04375 0.0652778 0.809212
2 0.459766 0.638194 0.0492188 0.0791667 0.841025
