2 0.614844 0.463194 0.025 0.0319444 0.31069
2 0.432813 0.5125 0.0203125 0.0361111 0.371304
2 0.531641 0.513194 0.0242187 0.0375 0.382475
2 0.65 0.502083 0.03125 0.0402778 0.508085
2 0.495313 0.530556 0.028125 0.0388889 0.58164
2 0.558203 0.5625 0.0351562 0.0583333 0.622937
2 0.447266 0.552778 0.0320312 0.0472222 0.629115
2 0.466797 0.684722 0.0460938 0.0888889 0.754914
2 0.386328 0.561111 0.0320312 0.0472222 0.762044
2 0.375391 0.635417 0.0492188 0.0875 0.769078
2 0.342578 0.774306 0.0695312 0.123611 0.77275
2 0.759766 0.605556 0.0554687 0.0611111 0.77307
2 0.838281 0.938889 0.146875 0.119444 0.776978
2 0.623828 0.645139 0.0601562 0.0763889 0.846074
2 0.474219 0.796528 0.0734375 0.140278 0.855561
2 0.597266 0.788194 0.0882813 0.148611 0.858882
