25 0.0289063 0.725 0.0578125 0.125 0.308028
2 0.9875 0.628472 0.025 0.0402778 0.339123
2 0.496875 0.509028 0.025 0.0430556 0.3569
7 0.828125 0.883333 0.134375 0.216667 0.362453
2 0.453906 0.531944 0.03125 0.0472222 0.391524
2 0.827734 0.884028 0.138281 0.223611 0.410217
7 0.476172 0.649306 0.0695312 0.1875 0.411117
2 0.476562 0.652083 0.06875 0.181944 0.424308
2 0.543359 0.505556 0.0273438 0.0388889 0.436857
2 0.594531 0.577083 0.0421875 0.0736111 0.471806
2 0.814453 0.556944 0.0460938 0.05 0.484545
2 0.524609 0.561806 0.0351562 0.0569444 0.601542
2 0.628516 0.625 0.0554687 0.0777778 0.69907
2 0.730859 0.536111 0.0414063 0.0416667 0.705504
2 0.696484 0.729167 0.0851562 0.127778 0.771838
2 0.374219 0.747222 0.0734375 0.141667 0.809177
2 0.557422 0.651389 0.0554687 0.0861111 0.812919
5 0.379687 0.572917 0.0734375 0.176389 0.822811
2 0.701563 0.928472 0.132812 0.1375 0.847063
2 0.50625 0.909722 0.096875 0.175 0.873014
