7 0.448438 0.469444 0.03125 0.0611111 0.25767
2 0.497656 0.500694 0.028125 0.0319444 0.263457
7 0.408203 0.494444 0.0320312 0.102778 0.304442
2 0.410156 0.528472 0.03125 0.0486111 0.305191
2 0.455859 0.513194 0.0273438 0.0347222 0.329355
2 0.958984 0.769444 0.0804688 0.0972222 0.354901
2 0.526172 0.55625 0.0414063 0.0513889 0.361739
2 0.523828 0.494444 0.0226563 0.0277778 0.367692
7 0.307422 0.911806 0.110156 0.173611 0.407603
2 0.560938 0.5375 0.03125 0.0416667 0.457921
2 0.50625 0.5375 0.03125 0.0472222 0.537669
2 0.462891 0.567361 0.0320312 0.0708333 0.559284
2 0.852344 0.628472 0.0734375 0.0569444 0.632884
2 0.309766 0.910417 0.110156 0.168056 0.6493
2 0.752734 0.531944 0.0414063 0.0444444 0.661621
2 0.602344 0.592361 0.0421875 0.0708333 0.676469
2 0.385547 0.648611 0.0539063 0.108333 0.681417
2 0.530469 0.58125 0.034375 0.0569444 0.694104
2 0.626172 0.829167 0.0945313 0.155556 0.785026
2 0.478906 0.658333 0.0515625 0.0944444 0.831224
2 0.690234 0.714583 0.0773437 0.101389 0.860313
2 0.484375 0.918056 0.104687 0.155556 0.878704
2 0.827344 0.9125 0.154687 0.175 0.898861
