2 0.504687 0.457639 0.01875 0.0291667 0.336795
2 0.700391 0.515972 0.0367187 0.0402778 0.339084
2 0.599219 0.58125 0.046875 0.0708333 0.398466
2 0.728516 0.976389 0.102344 0.0472222 0.443125
2 0.501953 0.514583 0.0289063 0.0458333 0.455005
2 0.762109 0.595139 0.0617188 0.0597222 0.509658
2 0.458984 0.542361 0.0335938 0.0541667 0.515744
2 0.549219 0.5125 0.0265625 0.0388889 0.516538
2 0.530078 0.574306 0.0367187 0.0569444 0.541587
2 0.849609 0.9 0.149219 0.2 0.574181
2 0.480469 0.68125 0.0734375 0.193056 0.610597
2 0.767969 0.528472 0.046875 0.0430556 0.697924
2 0.508984 0.940972 0.0945313 0.101389 0.753461
2 0.633594 0.633333 0.05625 0.0805556 0.754389
5 0.376953 0.591667 0.0757812 0.194444 0.816414
2 0.566016 0.675694 0.0601562 0.0930556 0.819431
2 0.937891 0.593056 0.0695312 0.0555556 0.828581
2 0.703125 0.738889 0.0875 0.133333 0.836403
2 0.370703 0.780556 0.0820312 0.15 0.845743
