2 0.433984 0.494444 0.0257812 0.0305556 0.252895
0 0.995703 0.561111 0.00859375 0.0555556 0.279768
2 0.395703 0.504167 0.0273438 0.0527778 0.301813
2 0.436719 0.541667 0.028125 0.0416667 0.34299
2 0.523828 0.513194 0.0273438 0.0347222 0.485141
2 0.483594 0.508333 0.025 0.0361111 0.498583
2 0.550781 0.547917 0.0296875 0.0347222 0.579275
2 0.797266 0.638194 0.0726563 0.0680556 0.66089
2 0.578906 0.600694 0.04375 0.0680556 0.70719
2 0.452734 0.588889 0.0398437 0.0611111 0.716989
2 0.677344 0.540278 0.0359375 0.0444444 0.72111
2 0.333594 0.83125 0.08125 0.145833 0.741148
2 0.667188 0.7125 0.075 0.105556 0.755815
2 0.384375 0.59375 0.034375 0.0597222 0.777717
2 0.507812 0.564583 0.034375 0.0486111 0.778233
2 0.474219 0.763889 0.0609375 0.122222 0.804386
2 0.665625 0.928472 0.126563 0.143056 0.835329
2 0.369141 0.673611 0.0554687 0.102778 0.851133
2 0.484375 0.923611 0.1 0.147222 0.855593
2 0.9125 0.681944 0.09375 0.0861111 0.86509
