2 0.456641 0.480556 0.0242187 0.0277778 0.293218
2 0.481641 0.463194 0.0210938 0.0319444 0.352209
2 0.551172 0.554167 0.0398437 0.0555556 0.414113
2 0.417969 0.482639 0.0234375 0.0402778 0.435609
2 0.482812 0.51875 0.0328125 0.0513889 0.544858
2 0.377344 0.554167 0.034375 0.0611111 0.637553
2 0.789062 0.635417 0.0734375 0.0708333 0.682313
2 0.465234 0.956944 0.0992187 0.0777778 0.695655
2 0.740234 0.55625 0.0570313 0.0625 0.698818
2 0.438281 0.578472 0.0375 0.0625 0.723622
2 0.616016 0.647222 0.0617188 0.075 0.751658
2 0.520312 0.604167 0.0484375 0.0805556 0.780447
2 0.435547 0.650694 0.0507812 0.0958333 0.791594
2 0.342187 0.702778 0.0578125 0.102778 0.831975
2 0.632422 0.897917 0.122656 0.193056 0.845479
2 0.692969 0.793056 0.0890625 0.138889 0.882454
