25 0.00859375 0.725 0.0171875 0.0527778 0.253749
2 0.502344 0.510417 0.028125 0.0319444 0.268898
5 0.466016 0.560417 0.0476562 0.126389 0.306959
2 0.852344 0.576389 0.0765625 0.119444 0.322621
2 0.657812 0.485417 0.03125 0.0375 0.336178
2 0.763672 0.797917 0.110156 0.209722 0.339381
2 0.909766 0.968056 0.138281 0.0611111 0.347732
7 0.465234 0.558333 0.0445312 0.116667 0.400774
2 0.575 0.534722 0.0375 0.0555556 0.419604
5 0.763672 0.799306 0.108594 0.201389 0.444519
7 0.852734 0.573611 0.0742188 0.122222 0.472683
2 0.805078 0.547917 0.0523437 0.0458333 0.510178
2 0.392188 0.634722 0.05 0.1 0.654634
2 0.607031 0.588194 0.04375 0.0625 0.678353
2 0.728125 0.543056 0.046875 0.0444444 0.6903
2 0.498047 0.911806 0.0882813 0.176389 0.718661
2 0.526172 0.5625 0.0367187 0.0527778 0.73891
5 0.392969 0.523611 0.053125 0.136111 0.768101
2 0.324219 0.855556 0.0953125 0.180556 0.782794
2 0.667578 0.684028 0.0742188 0.104167 0.8118
2 0.489453 0.686111 0.0570313 0.105556 0.820883
2 0.652734 0.909028 0.130469 0.176389 0.849022
2 0.584375 0.686111 0.0734375 0.113889 0.869833
