2 0.715234 0.972917 0.0835937 0.0513889 0.254949
9 0.602734 0.322917 0.0164062 0.0513889 0.327263
2 0.464844 0.529861 0.0390625 0.101389 0.342564
7 0.733203 0.745833 0.0929687 0.183333 0.346127
2 0.564844 0.520139 0.0328125 0.0486111 0.350836
2 0.594141 0.565278 0.0367187 0.0583333 0.419207
7 0.465234 0.530556 0.0414063 0.1 0.452894
2 0.515234 0.531944 0.0320312 0.05 0.462206
5 0.732813 0.747222 0.0953125 0.186111 0.546281
2 0.403125 0.600694 0.046875 0.0819444 0.592703
2 0.296875 0.940278 0.107813 0.102778 0.599697
5 0.401563 0.509028 0.0453125 0.118056 0.606992
2 0.764063 0.555556 0.053125 0.0527778 0.69414
2 0.352734 0.755556 0.0742188 0.130556 0.717338
2 0.487109 0.773611 0.0648438 0.155556 0.737665
2 0.886719 0.940972 0.1625 0.115278 0.751691
2 0.557422 0.610417 0.0507812 0.0763889 0.7643
2 0.482422 0.625 0.0476562 0.0833333 0.772739
2 0.650781 0.654861 0.0625 0.0902778 0.774983
2 0.584766 0.738889 0.0804688 0.144444 0.783457
2 0.951953 0.723611 0.0960938 0.113889 0.810609
