2 0.292578 0.968056 0.0914062 0.0583333 0.261286
2 0.482031 0.466667 0.01875 0.0333333 0.280211
25 0.0160156 0.754167 0.0320312 0.102778 0.311607
2 0.483203 0.500694 0.0195312 0.0319444 0.319187
2 0.519922 0.504167 0.0195312 0.025 0.336464
2 0.555469 0.528472 0.0359375 0.0430556 0.426173
2 0.400781 0.535417 0.028125 0.0430556 0.520657
2 0.442187 0.504167 0.0203125 0.0305556 0.521671
2 0.498047 0.538889 0.0257812 0.0388889 0.55558
2 0.70625 0.514583 0.0328125 0.0375 0.578937
2 0.390625 0.597222 0.034375 0.0583333 0.657238
2 0.360156 0.754167 0.06875 0.130556 0.699627
2 0.459375 0.567361 0.0328125 0.0513889 0.707344
2 0.577734 0.564583 0.0367187 0.0597222 0.734105
2 0.525 0.584028 0.0359375 0.0541667 0.738514
2 0.604297 0.752778 0.0757812 0.141667 0.785606
2 0.464453 0.670833 0.0523437 0.0972222 0.831073
2 0.669922 0.709028 0.0695312 0.0930556 0.849802
