2 0.636719 0.504861 0.0328125 0.0319444 0.257585
2 0.351562 0.820139 0.084375 0.170833 0.267197
2 0.539844 0.524306 0.0265625 0.0458333 0.387313
2 0.938281 0.613194 0.059375 0.0569444 0.496371
7 0.348437 0.824306 0.0859375 0.165278 0.596929
2 0.4 0.582639 0.034375 0.0541667 0.619567
2 0.457812 0.555556 0.0296875 0.0527778 0.655492
2 0.907031 0.625 0.065625 0.0666667 0.6812
2 0.587891 0.583333 0.0382813 0.0555556 0.685457
2 0.724219 0.561111 0.05 0.0527778 0.716401
2 0.461719 0.647917 0.0453125 0.0791667 0.763636
2 0.528125 0.590972 0.0359375 0.0513889 0.767894
2 0.634766 0.657639 0.0601562 0.0736111 0.782564
2 0.479688 0.751389 0.071875 0.133333 0.831636
2 0.38125 0.684722 0.05 0.0861111 0.83598
2 0.709766 0.809722 0.103906 0.144444 0.844154
2 0.588281 0.759028 0.0703125 0.118056 0.849408
2 0.80625 0.608333 0.0625 0.0611111 0.851635
