2 0.536328 0.522222 0.0210938 0.0333333 0.258351
2 0.408984 0.511111 0.0226563 0.0388889 0.268633
2 0.977734 0.78125 0.0429688 0.0902778 0.270661
25 0.0300781 0.771528 0.0601562 0.106944 0.291782
2 0.448828 0.524306 0.0242187 0.0458333 0.29504
2 0.498437 0.521528 0.0265625 0.0402778 0.388422
9 0.977344 0.784722 0.04375 0.0861111 0.510775
2 0.574609 0.554167 0.0320312 0.0472222 0.526746
7 0.328125 0.878472 0.1 0.193056 0.549931
2 0.398438 0.56875 0.0328125 0.0569444 0.562347
2 0.516797 0.570139 0.0320312 0.0486111 0.613514
2 0.549219 0.636111 0.0453125 0.0722222 0.716864
2 0.382031 0.65625 0.046875 0.0791667 0.727456
2 0.869531 0.65625 0.078125 0.0736111 0.743042
2 0.758594 0.836806 0.103125 0.145833 0.793286
2 0.604688 0.603472 0.0453125 0.0708333 0.814113
2 0.475391 0.781944 0.0742188 0.155556 0.819338
2 0.467969 0.61875 0.0390625 0.0680556 0.825567
2 0.701953 0.93125 0.127344 0.1375 0.849924
