2 0.873438 0.961111 0.139062 0.0666667 0.280742
2 0.528906 0.513889 0.021875 0.0388889 0.444558
2 0.451562 0.541667 0.0296875 0.0472222 0.47129
7 0.357031 0.782639 0.071875 0.140278 0.486103
2 0.398828 0.565972 0.0335938 0.0569444 0.543469
2 0.572656 0.565972 0.034375 0.0541667 0.57052
2 0.664062 0.521528 0.034375 0.0402778 0.583751
2 0.516797 0.570139 0.0335938 0.0486111 0.650025
2 0.455469 0.623611 0.040625 0.0722222 0.745
2 0.357422 0.778472 0.0726563 0.143056 0.749803
2 0.613672 0.630556 0.0492188 0.0638889 0.822387
2 0.780469 0.603472 0.059375 0.0625 0.828902
2 0.471875 0.706944 0.0578125 0.113889 0.839262
2 0.564453 0.701389 0.0601562 0.0944444 0.844621
2 0.38125 0.668056 0.0453125 0.0805556 0.844799
2 0.905859 0.673611 0.0882813 0.0805556 0.858842
2 0.671484 0.752778 0.0851562 0.119444 0.891092
