2 0.392969 0.415972 0.0265625 0.0263889 0.274446
7 0.308594 0.931944 0.107813 0.133333 0.370139
2 0.384766 0.524306 0.0257812 0.0375 0.382721
2 0.667578 0.491667 0.0335938 0.0388889 0.385072
2 0.634766 0.511111 0.0273438 0.0361111 0.395376
2 0.476953 0.502083 0.0242187 0.0347222 0.42694
2 0.969531 0.798611 0.0609375 0.0805556 0.553851
2 0.532031 0.527778 0.03125 0.0416667 0.56491
2 0.452734 0.6125 0.0382813 0.0666667 0.582716
2 0.433203 0.507639 0.0304688 0.0541667 0.619653
2 0.307813 0.931944 0.110937 0.130556 0.632531
2 0.714453 0.792361 0.103906 0.140278 0.698308
2 0.376563 0.584722 0.0390625 0.0694444 0.701063
2 0.696484 0.947222 0.128906 0.105556 0.7273
2 0.545703 0.668056 0.0601562 0.0972222 0.727963
2 0.724219 0.549306 0.046875 0.0486111 0.740799
2 0.582812 0.588194 0.04375 0.0597222 0.757279
2 0.461328 0.689583 0.0539063 0.0930556 0.769689
2 0.349219 0.711806 0.059375 0.104167 0.801003
