2 0.409375 0.5125 0.0234375 0.0444444 0.359798
2 0.728516 0.972222 0.100781 0.05 0.393663
2 0.501953 0.527083 0.0257812 0.0458333 0.463482
25 0.0167969 0.758333 0.0335938 0.1 0.490957
7 0.791797 0.888194 0.121094 0.173611 0.508101
2 0.580469 0.563194 0.0296875 0.0458333 0.535396
2 0.452344 0.53125 0.0265625 0.0430556 0.561432
2 0.791016 0.886806 0.122656 0.179167 0.563574
2 0.821875 0.615278 0.0671875 0.0861111 0.66461
2 0.397656 0.578472 0.034375 0.0625 0.709375
2 0.521094 0.581944 0.0359375 0.05 0.717393
2 0.323047 0.909028 0.102344 0.173611 0.743364
2 0.470313 0.633333 0.040625 0.075 0.782643
2 0.558203 0.652778 0.0507812 0.0861111 0.793259
2 0.380078 0.669444 0.0492188 0.0833333 0.796756
2 0.6125 0.614583 0.0515625 0.0708333 0.808433
2 0.478125 0.824306 0.0796875 0.173611 0.84811
2 0.919531 0.720139 0.104687 0.118056 0.860193
