7 0.235547 0.870139 0.221094 0.254167 0.281019
2 0.40625 0.550694 0.0328125 0.0597222 0.286862
2 0.85625 0.609722 0.071875 0.0722222 0.339841
2 0.527734 0.490972 0.0242187 0.0319444 0.344465
2 0.450781 0.493056 0.0234375 0.0305556 0.348496
25 0.0253906 0.736111 0.0507812 0.105556 0.372064
2 0.367969 0.75625 0.071875 0.129167 0.423749
7 0.36875 0.75625 0.075 0.131944 0.442001
7 0.645703 0.648611 0.0617188 0.1 0.452987
2 0.481641 0.478472 0.0226563 0.0291667 0.464165
7 0.711328 0.738889 0.0960938 0.141667 0.471432
2 0.645703 0.647917 0.0632813 0.0986111 0.485194
2 0.711719 0.739583 0.09375 0.1375 0.508691
7 0.856641 0.5875 0.0757812 0.122222 0.50921
2 0.514063 0.535417 0.0296875 0.0375 0.538268
7 0.580078 0.693056 0.0679687 0.127778 0.548543
2 0.579297 0.690278 0.0664062 0.130556 0.624709
2 0.556641 0.515278 0.0289063 0.0416667 0.627141
2 0.461719 0.541667 0.03125 0.0472222 0.658445
2 0.604688 0.584722 0.04375 0.0583333 0.686198
2 0.755078 0.552778 0.0460938 0.05 0.724037
2 0.395312 0.621528 0.040625 0.0763889 0.765338
2 0.535156 0.595139 0.040625 0.0625 0.785161
2 0.476172 0.623611 0.0476562 0.0722222 0.794557
2 0.485156 0.756944 0.065625 0.127778 0.80328
2 0.660547 0.911806 0.114844 0.173611 0.833018
