2 0.882812 0.965972 0.115625 0.0625 0.326648
2 0.502734 0.48125 0.0226563 0.0291667 0.326828
2 0.383984 0.513889 0.0257812 0.0388889 0.345644
2 0.471484 0.495139 0.0210938 0.0319444 0.420703
2 0.654297 0.528472 0.0398437 0.0402778 0.571764
2 0.686719 0.5 0.0375 0.0416667 0.571976
2 0.525781 0.517361 0.028125 0.0430556 0.587156
2 0.430469 0.499306 0.0328125 0.0513889 0.606721
2 0.451562 0.597917 0.040625 0.0597222 0.644685
2 0.574219 0.572917 0.040625 0.0569444 0.718455
2 0.535156 0.643056 0.0578125 0.0916667 0.74038
2 0.376563 0.572917 0.0390625 0.0652778 0.746299
2 0.6875 0.754167 0.0921875 0.122222 0.772596
2 0.455859 0.663194 0.0523437 0.0819444 0.7813
2 0.317969 0.907639 0.104687 0.184722 0.841456
2 0.351172 0.693056 0.0570313 0.0972222 0.843946
2 0.671875 0.911111 0.135937 0.172222 0.859436
2 0.75625 0.56875 0.05625 0.0597222 0.886265
