2 0.437891 0.552083 0.0351562 0.0652778 0.255047
2 0.419531 0.472917 0.0171875 0.0291667 0.262064
2 0.389062 0.515972 0.03125 0.0652778 0.288423
2 0.452344 0.463194 0.025 0.0347222 0.304684
2 0.507031 0.497917 0.0296875 0.0402778 0.443378
2 0.534375 0.525694 0.03125 0.0458333 0.471326
2 0.477344 0.503472 0.0265625 0.0402778 0.474323
7 0.306641 0.874306 0.100781 0.201389 0.593303
2 0.984375 0.740278 0.03125 0.0861111 0.728744
2 0.435156 0.577083 0.0375 0.0763889 0.751574
2 0.580078 0.5875 0.0429688 0.0583333 0.754592
2 0.618359 0.663889 0.0570313 0.0861111 0.774843
2 0.775 0.847917 0.123438 0.181944 0.782156
2 0.507812 0.559028 0.0359375 0.0597222 0.78255
2 0.368359 0.635417 0.0460938 0.0791667 0.848912
2 0.558203 0.694444 0.0664062 0.111111 0.849485
2 0.461719 0.763194 0.0671875 0.1375 0.868877
