2 0.485547 0.469444 0.0226563 0.0305556 0.257236
2 0.372656 0.5125 0.028125 0.0305556 0.273243
2 0.458594 0.486111 0.0234375 0.0333333 0.350872
2 0.523438 0.519444 0.0296875 0.0361111 0.425483
2 0.419922 0.489583 0.0242187 0.0402778 0.461401
2 0.375391 0.568056 0.0351562 0.0611111 0.623595
2 0.486328 0.532639 0.0351562 0.0458333 0.625644
2 0.558984 0.56875 0.0445312 0.0680556 0.653383
2 0.438281 0.6 0.04375 0.0694444 0.671855
2 0.698828 0.53125 0.0460938 0.0597222 0.747403
2 0.738281 0.596528 0.06875 0.0625 0.747932
2 0.335547 0.730556 0.0648438 0.113889 0.77207
2 0.435937 0.681944 0.05625 0.108333 0.774051
2 0.661328 0.944444 0.117969 0.105556 0.77734
2 0.632812 0.672222 0.0703125 0.0888889 0.798576
2 0.527734 0.627083 0.0539063 0.0902778 0.798891
2 0.73125 0.853472 0.109375 0.165278 0.891859
2 0.928516 0.688889 0.105469 0.0861111 0.895238
