2 0.719922 0.484722 0.0335938 0.0333333 0.252481
7 0.327734 0.959722 0.0976562 0.075 0.276926
2 0.527734 0.48125 0.0242187 0.0347222 0.342061
25 0.021875 0.731944 0.04375 0.105556 0.346317
2 0.449219 0.491667 0.0234375 0.0333333 0.38705
2 0.815625 0.548611 0.0515625 0.0555556 0.411123
2 0.462109 0.538889 0.0351562 0.0472222 0.430136
2 0.505469 0.520139 0.028125 0.0430556 0.509216
7 0.513672 0.85625 0.122656 0.276389 0.536583
2 0.617578 0.604861 0.0492188 0.0791667 0.544896
2 0.579297 0.540972 0.0335938 0.0486111 0.639111
2 0.528906 0.566667 0.0359375 0.0694444 0.676622
2 0.656641 0.658333 0.0648438 0.0888889 0.690572
2 0.469922 0.588194 0.0367187 0.0680556 0.732975
2 0.563672 0.647222 0.0539063 0.0805556 0.788722
2 0.489453 0.684028 0.0539063 0.0791667 0.798678
2 0.663281 0.907639 0.115625 0.184722 0.832529
2 0.74375 0.7875 0.101562 0.15 0.83579
5 0.354297 0.68125 0.110156 0.281944 0.8413
