2 0.344531 0.85 0.0921875 0.183333 0.422243
7 0.345313 0.852778 0.0953125 0.191667 0.528751
2 0.4 0.584028 0.0359375 0.0625 0.529041
2 0.460938 0.563194 0.03125 0.0569444 0.532477
2 0.703516 0.541667 0.0367187 0.0444444 0.536298
2 0.597266 0.592361 0.0382813 0.0569444 0.605426
2 0.648438 0.673611 0.0640625 0.0833333 0.774486
2 0.462891 0.661806 0.0492188 0.0819444 0.774523
2 0.533984 0.601389 0.0382813 0.0611111 0.780556
2 0.482812 0.780556 0.0734375 0.15 0.808244
2 0.380859 0.695833 0.0523437 0.0888889 0.814907
2 0.766797 0.583333 0.0554687 0.0583333 0.84087
2 0.605469 0.804167 0.0828125 0.136111 0.875329
2 0.735547 0.849306 0.116406 0.168056 0.904793
