2 0.708594 0.579167 0.028125 0.0472222 0.272735
2 0.497656 0.484028 0.0203125 0.0319444 0.283951
2 0.460547 0.479861 0.0195312 0.0263889 0.363077
2 0.536328 0.528472 0.0257812 0.0347222 0.411608
2 0.635156 0.511806 0.028125 0.0375 0.462669
2 0.434766 0.504861 0.0242187 0.0375 0.485274
2 0.441406 0.563194 0.03125 0.0486111 0.496283
2 0.564844 0.565972 0.0328125 0.0458333 0.583327
2 0.489844 0.527778 0.028125 0.0388889 0.606941
2 0.698047 0.574306 0.0523437 0.0486111 0.631128
2 0.319922 0.885417 0.0992187 0.1875 0.717443
2 0.599219 0.638194 0.053125 0.0791667 0.783563
2 0.380078 0.617361 0.0382813 0.0652778 0.801783
2 0.363281 0.702778 0.059375 0.111111 0.828496
2 0.711719 0.784028 0.0953125 0.129167 0.830036
2 0.455859 0.620139 0.0460938 0.0791667 0.831947
2 0.519922 0.595833 0.0367187 0.0583333 0.832453
2 0.481641 0.842361 0.0726563 0.154167 0.843835
2 0.790625 0.605556 0.0640625 0.0555556 0.883587
