9 0.617969 0.322222 0.0203125 0.0472222 0.270359
2 0.464453 0.530556 0.0382813 0.1 0.275072
7 0.292578 0.943056 0.102344 0.0888889 0.277986
2 0.50625 0.625 0.10625 0.0805556 0.282879
2 0.566016 0.519444 0.0335938 0.0472222 0.304755
2 0.402344 0.601389 0.046875 0.0805556 0.443866
2 0.516797 0.533333 0.0320312 0.05 0.457238
2 0.594922 0.566667 0.0351562 0.0555556 0.467511
7 0.465234 0.530556 0.0398437 0.1 0.481202
2 0.292188 0.94375 0.1 0.0930556 0.514714
5 0.401172 0.51875 0.0445312 0.1375 0.558073
5 0.734375 0.75 0.0953125 0.188889 0.592474
2 0.755469 0.550694 0.0484375 0.0513889 0.663382
2 0.350781 0.759028 0.075 0.131944 0.704341
2 0.885156 0.941667 0.160938 0.113889 0.722493
2 0.650781 0.655556 0.0625 0.0916667 0.743063
2 0.558594 0.613194 0.0515625 0.0791667 0.752169
2 0.483594 0.627778 0.0484375 0.0861111 0.759102
2 0.5875 0.745833 0.0828125 0.147222 0.76384
2 0.4875 0.784028 0.0671875 0.154167 0.764614
2 0.940625 0.709722 0.110937 0.0972222 0.881544
