2 0.407422 0.552778 0.0242187 0.0333333 0.261578
2 0.467187 0.574306 0.0359375 0.0875 0.275485
2 0.449219 0.48125 0.021875 0.0319444 0.318719
2 0.476562 0.468056 0.01875 0.0305556 0.351605
25 0.0253906 0.745833 0.0507812 0.108333 0.370739
7 0.388672 0.699306 0.0507812 0.0958333 0.387597
5 0.301172 0.816667 0.147656 0.352778 0.410412
2 0.388281 0.701389 0.0515625 0.1 0.531517
2 0.551953 0.511111 0.0257812 0.0388889 0.596241
2 0.509766 0.517361 0.0273438 0.0375 0.630928
2 0.599609 0.578472 0.0414063 0.0541667 0.6663
2 0.639453 0.636806 0.0617188 0.0875 0.68364
2 0.687109 0.707639 0.0820312 0.1125 0.691603
2 0.460547 0.529861 0.0289063 0.0458333 0.694515
2 0.564453 0.654861 0.0554687 0.104167 0.733368
2 0.524609 0.941667 0.105469 0.113889 0.737907
2 0.53125 0.578472 0.0375 0.0569444 0.764773
2 0.623047 0.815278 0.0867188 0.15 0.772502
2 0.400781 0.603472 0.0359375 0.0541667 0.795955
2 0.484375 0.692361 0.0515625 0.0958333 0.808745
2 0.474609 0.595139 0.0414063 0.0652778 0.819761
2 0.872656 0.929167 0.154687 0.136111 0.862295
2 0.919531 0.654861 0.0890625 0.0847222 0.880337
