9 0.601953 0.483333 0.0117188 0.0333333 0.252819
2 0.433594 0.497917 0.0234375 0.0291667 0.318605
2 0.438281 0.548611 0.028125 0.0444444 0.416989
7 0.675781 0.728472 0.08125 0.115278 0.426994
2 0.675 0.950694 0.11875 0.0986111 0.441966
2 0.526563 0.517361 0.0265625 0.0347222 0.480564
7 0.330859 0.845833 0.0835937 0.155556 0.501343
2 0.674609 0.729167 0.0835937 0.116667 0.518091
2 0.330859 0.84375 0.0835937 0.154167 0.534147
2 0.666016 0.531944 0.0320312 0.0416667 0.560315
2 0.485156 0.514583 0.025 0.0347222 0.587174
2 0.476562 0.783333 0.065625 0.127778 0.678019
2 0.554297 0.550694 0.0304688 0.0402778 0.684208
2 0.510547 0.570833 0.0335938 0.0527778 0.709336
2 0.882812 0.65625 0.0703125 0.0763889 0.752984
2 0.485547 0.9375 0.0992187 0.113889 0.762645
2 0.582812 0.609722 0.0453125 0.0666667 0.784264
2 0.452344 0.596528 0.0390625 0.0708333 0.79299
2 0.383203 0.600694 0.0351562 0.0597222 0.800469
2 0.767187 0.622222 0.0703125 0.0694444 0.828461
2 0.368359 0.682639 0.0554687 0.101389 0.842116
