2 0.463281 0.483333 0.0234375 0.0277778 0.291725
2 0.832422 0.622222 0.0445312 0.0527778 0.35601
2 0.513672 0.502778 0.0257812 0.0333333 0.372137
2 0.626172 0.509722 0.0289063 0.0333333 0.404349
2 0.446484 0.561806 0.0304688 0.0486111 0.420128
2 0.715625 0.575694 0.0515625 0.0513889 0.527145
2 0.425391 0.488889 0.0289063 0.0416667 0.544798
2 0.741406 0.526389 0.0453125 0.0472222 0.57646
2 0.557422 0.55 0.0351562 0.0527778 0.649824
2 0.378906 0.545833 0.0359375 0.0583333 0.667701
2 0.850391 0.629861 0.0757812 0.0736111 0.681906
2 0.448047 0.623611 0.0445312 0.0638889 0.763333
2 0.617188 0.816667 0.10625 0.191667 0.779898
2 0.332812 0.829861 0.084375 0.184722 0.789926
2 0.645312 0.688194 0.0765625 0.0958333 0.812343
2 0.355078 0.657639 0.0507812 0.0847222 0.8569
2 0.519141 0.604861 0.0476562 0.0708333 0.859497
2 0.813281 0.904861 0.157813 0.190278 0.87849
