2 0.802734 0.58125 0.0585938 0.0708333 0.299898
2 0.478125 0.791667 0.0671875 0.0722222 0.316559
25 0.0164062 0.757639 0.0328125 0.0986111 0.334468
2 0.410156 0.516667 0.021875 0.0361111 0.341192
7 0.315234 0.918056 0.102344 0.161111 0.484731
2 0.316016 0.917361 0.100781 0.159722 0.497018
2 0.583594 0.565972 0.0359375 0.0541667 0.49831
2 0.856641 0.675 0.0960938 0.0972222 0.510641
2 0.503516 0.53125 0.0289063 0.0430556 0.532407
9 0.855859 0.675 0.0945313 0.0972222 0.551327
2 0.452734 0.5375 0.0289063 0.0416667 0.609704
2 0.523438 0.586806 0.0359375 0.0541667 0.626021
2 0.397656 0.583333 0.034375 0.0638889 0.69307
2 0.793359 0.601389 0.0648438 0.0611111 0.706697
2 0.482031 0.863889 0.0859375 0.177778 0.736477
2 0.378906 0.681944 0.0515625 0.0861111 0.765164
2 0.471484 0.643056 0.0414063 0.0805556 0.772615
2 0.5625 0.665278 0.0546875 0.0944444 0.807427
2 0.820703 0.916667 0.138281 0.166667 0.810645
2 0.619531 0.626389 0.0515625 0.0722222 0.813324
