2 0.989844 0.722222 0.0203125 0.0861111 0.261203
2 0.523438 0.481944 0.0203125 0.0305556 0.300898
2 0.451953 0.484722 0.0257812 0.0333333 0.301438
2 0.408203 0.554167 0.0257812 0.0333333 0.344569
7 0.244141 0.826389 0.249219 0.347222 0.396782
7 0.385938 0.710417 0.053125 0.106944 0.421242
2 0.477734 0.470139 0.0195312 0.0291667 0.421986
7 0.690625 0.715278 0.0828125 0.113889 0.450483
2 0.384375 0.7125 0.0546875 0.111111 0.479123
2 0.690625 0.713889 0.084375 0.113889 0.51605
2 0.552734 0.513194 0.0273438 0.0375 0.591899
2 0.8875 0.936806 0.159375 0.118056 0.650422
2 0.510156 0.519444 0.028125 0.0388889 0.675619
2 0.6 0.579861 0.0421875 0.0541667 0.687442
2 0.640234 0.6375 0.0632813 0.0888889 0.693187
2 0.460547 0.532639 0.0289063 0.0458333 0.733967
2 0.879297 0.629861 0.0757812 0.0680556 0.747114
2 0.533594 0.582639 0.0375 0.0569444 0.752518
2 0.567187 0.660417 0.0578125 0.106944 0.765132
2 0.523047 0.95625 0.0960938 0.0847222 0.774934
2 0.399609 0.604861 0.0382813 0.0625 0.802251
2 0.485156 0.701389 0.053125 0.102778 0.818567
2 0.475391 0.602083 0.0414063 0.0652778 0.839648
2 0.629297 0.832639 0.0914062 0.154167 0.877967
