2 0.391016 0.604167 0.0414063 0.0611111 0.311117
2 0.459375 0.51875 0.0296875 0.0458333 0.378423
2 0.532031 0.496528 0.0265625 0.0375 0.405979
2 0.569531 0.547917 0.0328125 0.0458333 0.480621
2 0.410156 0.532639 0.03125 0.0513889 0.50495
2 0.487109 0.970139 0.0992187 0.0513889 0.541785
2 0.710156 0.50625 0.0359375 0.0402778 0.590159
7 0.295703 0.939583 0.108594 0.118056 0.601835
2 0.5125 0.545139 0.0328125 0.0569444 0.602072
2 0.380859 0.676389 0.0585938 0.1 0.716489
2 0.614453 0.607639 0.0476562 0.0736111 0.725922
2 0.465625 0.580556 0.0328125 0.0777778 0.731425
2 0.539062 0.597917 0.0390625 0.0652778 0.77627
2 0.777344 0.576389 0.053125 0.05 0.792615
2 0.856641 0.671528 0.0867188 0.0819444 0.820564
2 0.480469 0.680556 0.0578125 0.105556 0.84238
2 0.855078 0.934722 0.155469 0.122222 0.854592
2 0.714453 0.744444 0.0882813 0.119444 0.882185
2 0.665234 0.911111 0.121094 0.172222 0.882268
