2 0.478516 0.45625 0.0195312 0.0291667 0.267848
2 0.437891 0.554167 0.0351562 0.05 0.301239
2 0.453516 0.465972 0.0226563 0.0347222 0.303568
2 0.417578 0.475694 0.0195312 0.0291667 0.306908
2 0.382422 0.538194 0.0335938 0.0513889 0.407973
2 0.478906 0.509028 0.03125 0.0458333 0.479305
2 0.511719 0.502778 0.0296875 0.0361111 0.537127
2 0.543359 0.536111 0.0320312 0.05 0.574437
7 0.278516 0.930556 0.105469 0.133333 0.580087
2 0.858203 0.636806 0.0757812 0.0791667 0.669442
2 0.434375 0.604861 0.04375 0.0847222 0.681162
2 0.592578 0.610417 0.0523437 0.0652778 0.733451
2 0.511328 0.574306 0.0414063 0.0763889 0.748136
2 0.949219 0.774306 0.101562 0.115278 0.757336
2 0.959766 0.673611 0.0804688 0.0805556 0.806306
2 0.356641 0.6625 0.0523437 0.0888889 0.817051
2 0.855859 0.922222 0.155469 0.152778 0.826631
2 0.646094 0.713194 0.0703125 0.101389 0.829417
2 0.583203 0.76875 0.0851562 0.148611 0.865177
2 0.464453 0.870139 0.0882813 0.193056 0.865727
