2 0.494141 0.5 0.0242187 0.0361111 0.270218
25 0.0183594 0.756944 0.0367187 0.102778 0.289169
2 0.541406 0.515972 0.025 0.0319444 0.323036
2 0.409766 0.532639 0.0320312 0.0458333 0.43063
2 0.560547 0.55 0.0273438 0.0361111 0.44085
2 0.440625 0.503472 0.0234375 0.0430556 0.460598
2 0.514063 0.550694 0.03125 0.0458333 0.556034
2 0.459766 0.564583 0.0304688 0.0486111 0.637762
2 0.606641 0.594444 0.0414063 0.0611111 0.678987
2 0.388672 0.623611 0.0429688 0.0777778 0.741547
2 0.360156 0.75625 0.0671875 0.115278 0.748051
2 0.602734 0.764583 0.0789063 0.1375 0.769287
2 0.656641 0.679861 0.0726563 0.104167 0.781112
2 0.541797 0.630556 0.0445312 0.0722222 0.796258
2 0.478516 0.720139 0.0554687 0.109722 0.82559
2 0.921094 0.681944 0.090625 0.0861111 0.855177
