2 0.433984 0.499306 0.0242187 0.0291667 0.309395
2 0.438672 0.55 0.0289063 0.0416667 0.424396
2 0.664062 0.529861 0.03125 0.0402778 0.441209
2 0.526953 0.517361 0.0257812 0.0347222 0.446888
7 0.329688 0.849306 0.0796875 0.151389 0.546189
2 0.484766 0.515278 0.0242187 0.0333333 0.595236
2 0.329688 0.846528 0.084375 0.156944 0.605467
2 0.677734 0.729861 0.0820312 0.109722 0.675722
2 0.555078 0.551389 0.0304688 0.0416667 0.677249
2 0.510547 0.571528 0.0335938 0.0541667 0.691827
2 0.677344 0.952083 0.11875 0.0958333 0.703518
2 0.476953 0.786806 0.0664062 0.129167 0.732483
2 0.871094 0.652778 0.0828125 0.075 0.734729
2 0.486719 0.940972 0.1 0.109722 0.765954
2 0.452734 0.598611 0.0382813 0.0694444 0.80842
2 0.584766 0.6125 0.0460938 0.0666667 0.809796
2 0.383203 0.601389 0.0351562 0.0611111 0.816083
2 0.761719 0.620139 0.0671875 0.0708333 0.825528
2 0.367969 0.682639 0.0546875 0.101389 0.849413
