2 0.917188 0.9375 0.159375 0.113889 0.263567
2 0.443359 0.475694 0.0242187 0.0319444 0.300608
7 0.494141 0.752778 0.0898438 0.275 0.329287
7 0.919531 0.939583 0.160938 0.109722 0.331793
2 0.49375 0.752083 0.0890625 0.273611 0.406349
2 0.607813 0.590972 0.05 0.0708333 0.448974
2 0.807813 0.527083 0.0484375 0.0402778 0.450466
2 0.492969 0.502083 0.0234375 0.0347222 0.514733
2 0.455859 0.515972 0.0304688 0.0486111 0.515917
2 0.514453 0.470139 0.0210938 0.0291667 0.529555
2 0.563281 0.527083 0.03125 0.0458333 0.666516
2 0.461719 0.560417 0.0359375 0.0569444 0.712102
2 0.514453 0.536111 0.0320312 0.0583333 0.749124
2 0.641016 0.641667 0.0617188 0.0888889 0.774573
2 0.544141 0.60625 0.0460938 0.0652778 0.786156
2 0.352344 0.877778 0.096875 0.202778 0.809219
5 0.367578 0.625 0.0882813 0.225 0.84024
2 0.718359 0.75625 0.0945313 0.143056 0.848808
2 0.596094 0.75 0.0765625 0.127778 0.880018
