2 0.5625 0.521528 0.0359375 0.0430556 0.292361
2 0.464844 0.523611 0.0375 0.0972222 0.292917
2 0.404297 0.593056 0.0429688 0.0777778 0.327925
2 0.716406 0.496528 0.0359375 0.0402778 0.395666
2 0.723437 0.740972 0.09375 0.168056 0.411516
2 0.512891 0.527778 0.0320312 0.0472222 0.434614
7 0.721875 0.734722 0.0984375 0.177778 0.445593
7 0.463672 0.526389 0.0367187 0.0972222 0.453868
5 0.303516 0.922917 0.114844 0.145833 0.45494
5 0.403125 0.533333 0.0453125 0.163889 0.475452
2 0.589453 0.556944 0.0382813 0.0638889 0.545646
2 0.304297 0.918056 0.116406 0.138889 0.586944
2 0.356641 0.741667 0.0710938 0.125 0.70315
2 0.482031 0.618056 0.04375 0.0777778 0.741779
2 0.645312 0.647917 0.0609375 0.0875 0.759991
2 0.484766 0.746528 0.0601562 0.1375 0.79343
2 0.551562 0.600694 0.0484375 0.0736111 0.795135
2 0.872656 0.935417 0.151562 0.129167 0.802301
2 0.694531 0.934028 0.121875 0.131944 0.812976
2 0.804297 0.586111 0.0664062 0.0611111 0.8171
2 0.576953 0.7125 0.0726563 0.122222 0.834302
