2 0.485938 0.490972 0.0203125 0.0347222 0.266013
2 0.453516 0.510417 0.0304688 0.0402778 0.332166
2 0.508203 0.464583 0.0179687 0.0291667 0.350994
2 0.875781 0.908333 0.165625 0.177778 0.354045
2 0.439453 0.464583 0.0257812 0.0347222 0.372358
7 0.872656 0.910417 0.154687 0.173611 0.38229
2 0.732813 0.569444 0.04375 0.0527778 0.413236
7 0.483984 0.704167 0.0742188 0.208333 0.443889
2 0.505469 0.520833 0.0296875 0.0527778 0.482715
2 0.603125 0.586111 0.04375 0.0777778 0.503456
2 0.734766 0.508333 0.0382813 0.0416667 0.507009
2 0.483203 0.702778 0.0757812 0.216667 0.52576
2 0.554297 0.515972 0.0304688 0.0458333 0.586494
2 0.460156 0.546528 0.034375 0.0541667 0.586534
2 0.535156 0.585417 0.0390625 0.0597222 0.650092
2 0.900781 0.56875 0.03125 0.0458333 0.66135
2 0.365234 0.80625 0.0835937 0.170833 0.796254
2 0.636719 0.636806 0.0578125 0.0847222 0.805438
5 0.374609 0.601389 0.0835937 0.197222 0.851358
2 0.574609 0.695139 0.0664062 0.104167 0.853016
2 0.708203 0.744444 0.0882813 0.133333 0.853581
