2 0.452734 0.464583 0.0242187 0.0347222 0.276245
7 0.765234 0.832639 0.117969 0.168056 0.3008
2 0.389453 0.517361 0.0304688 0.0597222 0.343258
2 0.507422 0.496528 0.0304688 0.0402778 0.403345
2 0.477734 0.502778 0.0273438 0.0416667 0.43754
2 0.533594 0.523611 0.0296875 0.0444444 0.43945
2 0.766016 0.832639 0.119531 0.170833 0.563928
2 0.310937 0.859028 0.096875 0.198611 0.652872
2 0.434766 0.575 0.0367187 0.0722222 0.714515
2 0.615625 0.660417 0.05625 0.0847222 0.720394
2 0.579687 0.586111 0.040625 0.0555556 0.732591
2 0.507422 0.55625 0.0351562 0.0597222 0.775769
2 0.370703 0.630556 0.0460938 0.075 0.817935
2 0.461719 0.753472 0.0640625 0.129167 0.843314
2 0.555078 0.686806 0.0632813 0.104167 0.869715
