2 0.450781 0.516667 0.0296875 0.0444444 0.25578
2 0.578906 0.622222 0.109375 0.075 0.256477
2 0.591016 0.571528 0.0445312 0.0680556 0.271473
5 0.469531 0.619444 0.0609375 0.158333 0.326967
2 0.491406 0.493056 0.028125 0.0444444 0.329684
2 0.682422 0.500694 0.0398437 0.0458333 0.340258
2 0.517969 0.545833 0.034375 0.0555556 0.452185
7 0.801953 0.8625 0.132031 0.238889 0.470148
2 0.471484 0.626389 0.0601562 0.15 0.50677
2 0.777734 0.5125 0.0460938 0.0444444 0.529327
2 0.623047 0.61875 0.0523437 0.0763889 0.646263
2 0.380078 0.711806 0.0664062 0.120833 0.732758
2 0.544922 0.624306 0.0476562 0.0791667 0.746684
2 0.790625 0.576389 0.0578125 0.0527778 0.75902
2 0.661328 0.875 0.122656 0.213889 0.77714
2 0.932031 0.617361 0.0828125 0.0680556 0.81587
5 0.382422 0.559028 0.0664062 0.165278 0.834947
2 0.94375 0.740278 0.1125 0.127778 0.846963
2 0.689062 0.720139 0.0796875 0.120833 0.851873
2 0.498437 0.833333 0.0828125 0.175 0.855546
