2 0.453125 0.456944 0.0234375 0.0305556 0.269311
25 0.0117188 0.760417 0.0234375 0.0708333 0.333115
2 0.707812 0.577083 0.0421875 0.0402778 0.351906
2 0.397266 0.514583 0.0273438 0.0402778 0.378377
2 0.476953 0.493056 0.0257812 0.0333333 0.420392
2 0.527344 0.509722 0.025 0.0388889 0.425585
2 0.725391 0.524306 0.0367187 0.0430556 0.55017
2 0.438281 0.546528 0.034375 0.0680556 0.565807
2 0.56875 0.561806 0.0375 0.0513889 0.581477
7 0.335547 0.776389 0.0773437 0.152778 0.598733
2 0.705859 0.743056 0.0882813 0.130556 0.633685
2 0.505469 0.539583 0.034375 0.0513889 0.647016
5 0.782422 0.344444 0.138281 0.0694444 0.652458
2 0.858594 0.940278 0.15625 0.116667 0.718474
2 0.598828 0.624306 0.0414063 0.0625 0.750987
2 0.539062 0.635417 0.0515625 0.0819444 0.809945
2 0.462891 0.679861 0.0539063 0.101389 0.838496
2 0.628125 0.904861 0.110937 0.184722 0.846144
2 0.381641 0.602778 0.0382813 0.0666667 0.857143
