2 0.545313 0.519444 0.0265625 0.0333333 0.356272
25 0.0179687 0.754861 0.0359375 0.101389 0.368332
2 0.741016 0.59375 0.0507812 0.0430556 0.41156
2 0.564844 0.55625 0.0296875 0.0458333 0.435286
2 0.441406 0.506944 0.025 0.0472222 0.488937
2 0.405469 0.542361 0.03125 0.0458333 0.513367
2 0.828125 0.621528 0.059375 0.0569444 0.563818
2 0.461328 0.575 0.0320312 0.0527778 0.62448
5 0.492969 0.336806 0.140625 0.0652778 0.645606
2 0.627344 0.826389 0.0921875 0.169444 0.652717
2 0.516797 0.559028 0.0320312 0.0513889 0.655655
2 0.617188 0.607639 0.0484375 0.0680556 0.709399
2 0.381641 0.643056 0.0492188 0.0861111 0.754458
2 0.676562 0.70625 0.0796875 0.115278 0.756747
2 0.550391 0.655556 0.0507812 0.0805556 0.765452
2 0.350391 0.79375 0.0710938 0.129167 0.774851
2 0.480078 0.761111 0.0664062 0.127778 0.817182
