2 0.643359 0.508333 0.0335938 0.0361111 0.251274
2 0.537109 0.520139 0.0257812 0.0458333 0.353925
2 0.987109 0.636111 0.0257812 0.05 0.383642
7 0.353125 0.811806 0.0796875 0.156944 0.44318
2 0.830078 0.622917 0.0679687 0.0652778 0.525579
2 0.456641 0.552778 0.0289063 0.05 0.56052
2 0.399609 0.58125 0.0351562 0.0486111 0.565327
2 0.583594 0.579167 0.0375 0.0555556 0.597862
2 0.525391 0.585417 0.0351562 0.0513889 0.630752
2 0.353516 0.809722 0.0804688 0.155556 0.635044
2 0.477734 0.738889 0.0664062 0.127778 0.722844
2 0.738281 0.570139 0.053125 0.0541667 0.729098
2 0.628125 0.649306 0.0546875 0.0708333 0.779484
2 0.380469 0.679861 0.05 0.0847222 0.830511
2 0.459375 0.640972 0.0421875 0.0708333 0.832078
2 0.580859 0.74375 0.0679687 0.1125 0.852295
2 0.941797 0.642361 0.0867188 0.0736111 0.85658
2 0.697656 0.795139 0.0984375 0.1375 0.883587
