2 0.510156 0.5375 0.028125 0.0416667 0.313872
2 0.701953 0.5 0.0351562 0.0416667 0.33935
2 0.487891 0.509028 0.0242187 0.0347222 0.34673
2 0.45625 0.529861 0.028125 0.0541667 0.37843
2 0.569922 0.545139 0.0320312 0.0597222 0.409455
2 0.702344 0.565972 0.0328125 0.0430556 0.445123
2 0.989453 0.684722 0.0195312 0.0472222 0.479803
2 0.667969 0.513194 0.034375 0.0430556 0.495294
2 0.846094 0.9625 0.139062 0.0638889 0.49836
2 0.308203 0.948611 0.105469 0.0972222 0.581948
2 0.396875 0.609722 0.0421875 0.0777778 0.70425
2 0.468359 0.598611 0.0398437 0.0694444 0.797484
2 0.499219 0.909028 0.104687 0.168056 0.809495
2 0.363281 0.747917 0.0671875 0.1125 0.814533
2 0.632812 0.636806 0.0546875 0.0736111 0.821106
2 0.708203 0.756944 0.0898438 0.119444 0.840676
2 0.560156 0.659722 0.05625 0.0805556 0.841836
2 0.470703 0.732639 0.0632813 0.118056 0.854097
