7 0.409375 0.48125 0.0328125 0.101389 0.32865
2 0.398828 0.565278 0.0289063 0.0333333 0.336868
2 0.492578 0.511806 0.0273438 0.0458333 0.372081
2 0.459375 0.538194 0.028125 0.0569444 0.492306
2 0.504297 0.954861 0.0960938 0.0763889 0.568596
2 0.515234 0.546528 0.0289063 0.0458333 0.602705
2 0.579687 0.559722 0.034375 0.0555556 0.645875
2 0.791797 0.536111 0.0445312 0.0388889 0.723444
2 0.353906 0.783333 0.0734375 0.127778 0.762336
2 0.471875 0.6125 0.0453125 0.075 0.791447
2 0.573828 0.690972 0.0648438 0.0958333 0.79502
2 0.394141 0.620833 0.0445312 0.0777778 0.797775
2 0.475391 0.775694 0.0726563 0.143056 0.820376
2 0.647656 0.654861 0.0609375 0.0763889 0.851125
2 0.914453 0.622222 0.0757812 0.0722222 0.852604
2 0.738672 0.800694 0.103906 0.145833 0.868313
