2 0.500781 0.564583 0.0546875 0.0541667 0.279185
2 0.406641 0.502778 0.0242187 0.0416667 0.301728
25 0.0117188 0.759722 0.0234375 0.0805556 0.327108
2 0.490625 0.511806 0.025 0.0375 0.379229
7 0.711719 0.770139 0.084375 0.115278 0.397128
2 0.711328 0.770139 0.0851562 0.115278 0.470659
2 0.527734 0.515278 0.0210938 0.0333333 0.498223
2 0.508594 0.554167 0.03125 0.0472222 0.520876
2 0.446094 0.513889 0.021875 0.0361111 0.569524
2 0.564844 0.541667 0.03125 0.0416667 0.569525
2 0.400391 0.552778 0.0289063 0.0527778 0.597748
2 0.345703 0.817361 0.0804688 0.165278 0.621754
2 0.650391 0.863889 0.105469 0.202778 0.678267
2 0.387109 0.626389 0.0414063 0.0666667 0.70362
2 0.966016 0.721528 0.0679687 0.134722 0.714341
2 0.462891 0.590278 0.0367187 0.0638889 0.759582
2 0.536719 0.609722 0.04375 0.0638889 0.778377
2 0.591797 0.586111 0.0414063 0.0611111 0.786511
2 0.468359 0.724306 0.0632813 0.123611 0.851462
