2 0.667969 0.500694 0.03125 0.0375 0.27425
2 0.975391 0.694444 0.0492188 0.0638889 0.279513
2 0.702734 0.551389 0.0273438 0.0444444 0.374932
7 0.409766 0.495833 0.0382813 0.127778 0.38023
7 0.65 0.651389 0.0609375 0.105556 0.423525
2 0.516406 0.529167 0.0296875 0.0416667 0.456798
7 0.453125 0.486806 0.028125 0.0763889 0.509309
2 0.649609 0.652778 0.0601562 0.1 0.524361
2 0.551953 0.515278 0.0304688 0.0416667 0.524845
2 0.528906 0.584028 0.040625 0.0625 0.621607
2 0.364453 0.7375 0.0726563 0.141667 0.667489
2 0.593359 0.578472 0.0445312 0.0652778 0.680749
2 0.385156 0.634028 0.0453125 0.0708333 0.685441
2 0.941016 0.738194 0.114844 0.123611 0.741517
2 0.471094 0.620833 0.040625 0.0888889 0.75812
2 0.909766 0.574306 0.0414063 0.0569444 0.7685
2 0.775 0.570139 0.05625 0.0569444 0.769649
2 0.565625 0.654167 0.053125 0.0833333 0.791077
2 0.776563 0.833333 0.114063 0.158333 0.808665
2 0.491797 0.770833 0.0773437 0.161111 0.819036
