2 0.418359 0.479861 0.0210938 0.0291667 0.255886
2 0.453906 0.467361 0.021875 0.0402778 0.287905
2 0.437109 0.559722 0.0351562 0.0527778 0.295207
2 0.478906 0.458333 0.0203125 0.0305556 0.369681
2 0.435156 0.582639 0.040625 0.0902778 0.419007
7 0.272266 0.948611 0.0992187 0.0916667 0.441721
2 0.544531 0.540278 0.03125 0.0555556 0.484665
2 0.513281 0.504167 0.0296875 0.0333333 0.513039
2 0.38125 0.542361 0.0328125 0.0541667 0.531022
2 0.480078 0.509722 0.0304688 0.0472222 0.58865
2 0.883984 0.942361 0.164844 0.1125 0.671424
2 0.434766 0.615278 0.0445312 0.0888889 0.672978
7 0.81875 0.5875 0.08125 0.125 0.684217
2 0.911719 0.73125 0.120312 0.120833 0.693688
2 0.914844 0.6375 0.084375 0.0777778 0.718299
2 0.513281 0.580556 0.04375 0.0777778 0.759432
2 0.598047 0.617361 0.0539063 0.0708333 0.789283
2 0.353516 0.672222 0.0523437 0.0944444 0.792208
2 0.65625 0.727778 0.0765625 0.111111 0.864923
2 0.464453 0.898611 0.0960938 0.194444 0.865972
2 0.594531 0.800694 0.09375 0.165278 0.888972
