2 0.314844 0.918056 0.1 0.15 0.333744
2 0.546094 0.532639 0.0234375 0.0375 0.350745
2 0.798047 0.565972 0.0523437 0.0486111 0.351071
2 0.410547 0.517361 0.0242187 0.0402778 0.370059
2 0.838672 0.6625 0.0867188 0.0833333 0.414779
25 0.0164062 0.757639 0.0328125 0.0986111 0.438793
2 0.504687 0.532639 0.0296875 0.0430556 0.526867
7 0.314453 0.922222 0.100781 0.15 0.535878
2 0.826953 0.916667 0.147656 0.161111 0.544089
2 0.525391 0.5875 0.0367187 0.0583333 0.584257
2 0.584766 0.568056 0.0367187 0.0527778 0.595459
2 0.452734 0.538889 0.0304688 0.0444444 0.642657
2 0.787109 0.598611 0.0617188 0.0555556 0.681299
2 0.473047 0.648611 0.0414063 0.0777778 0.708269
2 0.398047 0.586111 0.0335938 0.0638889 0.717595
2 0.378516 0.686111 0.0507812 0.0888889 0.769489
2 0.621094 0.629167 0.053125 0.0722222 0.778815
2 0.482422 0.866667 0.0898438 0.2 0.794176
2 0.565625 0.670833 0.05625 0.0972222 0.798856
