2 0.730469 0.589583 0.040625 0.0458333 0.260966
7 0.314844 0.929861 0.1125 0.134722 0.266941
2 0.727734 0.510417 0.0335938 0.0402778 0.27029
2 0.531641 0.509028 0.0273438 0.0319444 0.296426
2 0.455859 0.529861 0.0273438 0.0458333 0.304258
2 0.684375 0.523611 0.0375 0.0416667 0.338788
2 0.564844 0.541667 0.0296875 0.0527778 0.468588
2 0.315234 0.928472 0.110156 0.1375 0.55169
2 0.821875 0.944444 0.146875 0.108333 0.600123
2 0.679297 0.948611 0.117969 0.102778 0.602201
2 0.397656 0.605556 0.0390625 0.0722222 0.71556
2 0.467187 0.588194 0.0375 0.0652778 0.746674
2 0.624219 0.625694 0.0515625 0.0680556 0.792625
2 0.910547 0.591667 0.0460938 0.05 0.808852
2 0.494141 0.895833 0.0992187 0.208333 0.813445
2 0.553125 0.64375 0.0515625 0.0763889 0.835564
2 0.369141 0.73125 0.0617188 0.106944 0.835686
2 0.469531 0.7125 0.059375 0.108333 0.84824
2 0.694531 0.734028 0.0859375 0.109722 0.86212
