2 0.528125 0.484028 0.0234375 0.0375 0.283438
2 0.508984 0.529167 0.0289063 0.0388889 0.345504
2 0.730078 0.50625 0.0382813 0.0375 0.365829
2 0.582031 0.552083 0.0359375 0.0597222 0.386181
5 0.466016 0.582639 0.0507812 0.140278 0.424674
7 0.305078 0.915972 0.108594 0.168056 0.448057
2 0.778516 0.825694 0.121094 0.223611 0.451493
7 0.778906 0.825694 0.120312 0.215278 0.498846
2 0.669922 0.498611 0.0335938 0.0416667 0.522285
7 0.466016 0.581944 0.0507812 0.141667 0.523551
2 0.386719 0.665972 0.0609375 0.109722 0.6559
2 0.904688 0.570833 0.0453125 0.0611111 0.695919
2 0.30625 0.913889 0.110937 0.169444 0.697662
2 0.755859 0.544444 0.0507812 0.0527778 0.704777
2 0.533594 0.5875 0.040625 0.0611111 0.757584
5 0.386719 0.5375 0.05625 0.141667 0.793528
2 0.614453 0.605556 0.0492188 0.0666667 0.811343
2 0.491797 0.736806 0.0679687 0.123611 0.831839
2 0.610547 0.752083 0.0867188 0.143056 0.849149
2 0.946484 0.679167 0.0960938 0.0888889 0.8501
2 0.678906 0.702083 0.078125 0.118056 0.870157
