2 0.5 0.509722 0.0296875 0.0444444 0.298629
2 0.408203 0.497917 0.0226563 0.0291667 0.348073
2 0.441406 0.514583 0.0265625 0.0541667 0.376947
25 0.0195312 0.752083 0.0375 0.109722 0.392624
2 0.553516 0.533333 0.0289063 0.0305556 0.396426
7 0.325391 0.873611 0.0929687 0.169444 0.464266
2 0.325781 0.872917 0.0953125 0.170833 0.493059
2 0.639063 0.638194 0.0609375 0.0819444 0.571392
2 0.737891 0.55625 0.0476562 0.0430556 0.585261
5 0.588281 0.333333 0.134375 0.0638889 0.590598
2 0.398438 0.55625 0.0328125 0.0513889 0.612787
2 0.573828 0.574306 0.0304688 0.0430556 0.650503
2 0.523047 0.572917 0.0382813 0.0569444 0.695417
2 0.9625 0.791667 0.075 0.0805556 0.706711
2 0.370313 0.673611 0.0546875 0.105556 0.75892
2 0.718359 0.76875 0.100781 0.151389 0.768811
2 0.4625 0.598611 0.0375 0.0694444 0.774095
2 0.564453 0.70625 0.0648438 0.106944 0.837273
2 0.962891 0.665278 0.0742188 0.0666667 0.841317
2 0.482031 0.857639 0.0828125 0.173611 0.853791
2 0.682813 0.928472 0.128125 0.143056 0.865994
