7 0.397656 0.540278 0.03125 0.075 0.293786
2 0.695312 0.542361 0.040625 0.0402778 0.315642
2 0.445312 0.525 0.025 0.0472222 0.384977
2 0.558984 0.552778 0.0335938 0.05 0.39851
2 0.503906 0.961111 0.084375 0.0722222 0.423044
7 0.297266 0.947917 0.108594 0.0902778 0.429654
2 0.508594 0.555556 0.0296875 0.0416667 0.448851
2 0.397266 0.554167 0.0304688 0.0444444 0.465033
2 0.359375 0.75 0.071875 0.136111 0.465341
7 0.359375 0.751389 0.06875 0.133333 0.465908
2 0.45 0.604167 0.0375 0.0583333 0.690203
2 0.464453 0.675694 0.0554687 0.0958333 0.767041
2 0.380469 0.648611 0.040625 0.0722222 0.797027
2 0.858594 0.661111 0.084375 0.0861111 0.80356
2 0.641797 0.708333 0.0757812 0.102778 0.816249
2 0.822266 0.91875 0.153906 0.156944 0.818354
2 0.546094 0.659722 0.05 0.0805556 0.831934
2 0.594531 0.60625 0.0453125 0.0597222 0.863758
