25 0.0167969 0.724306 0.0335938 0.104167 0.359768
2 0.404687 0.584722 0.040625 0.075 0.401203
2 0.584766 0.553472 0.0320312 0.0569444 0.458122
7 0.462891 0.522917 0.0351562 0.0902778 0.493895
2 0.508203 0.522222 0.0273438 0.0416667 0.522534
7 0.709375 0.726389 0.0859375 0.152778 0.524514
5 0.403906 0.529861 0.04375 0.156944 0.552964
2 0.752734 0.519444 0.0398437 0.0444444 0.648592
2 0.635938 0.639583 0.0609375 0.0847222 0.703249
2 0.54375 0.586806 0.046875 0.0680556 0.747939
2 0.65625 0.882639 0.1 0.198611 0.750018
2 0.478516 0.605556 0.0414063 0.0611111 0.767006
2 0.482422 0.70625 0.0570313 0.134722 0.787379
2 0.563672 0.680556 0.0632813 0.1 0.788861
2 0.3625 0.718056 0.0671875 0.113889 0.821938
2 0.887891 0.647917 0.0882813 0.0902778 0.825019
2 0.314063 0.9 0.117188 0.194444 0.846177
2 0.860156 0.927083 0.151562 0.143056 0.855
