2 0.355859 0.718056 0.0632813 0.122222 0.281278
2 0.808984 0.575694 0.0414063 0.0513889 0.450201
2 0.670313 0.515278 0.034375 0.0416667 0.469791
2 0.560938 0.547222 0.0328125 0.0416667 0.475673
2 0.440234 0.536806 0.0273438 0.0430556 0.476782
7 0.355078 0.718056 0.0648438 0.125 0.518914
7 0.666406 0.683333 0.075 0.102778 0.52815
7 0.299609 0.94375 0.107031 0.1125 0.542299
2 0.66875 0.681944 0.0734375 0.1 0.622377
2 0.584766 0.595139 0.0351562 0.0541667 0.651679
2 0.391406 0.577778 0.034375 0.0611111 0.686206
2 0.783203 0.869444 0.138281 0.208333 0.708897
2 0.4875 0.942361 0.0984375 0.1125 0.717714
5 0.691016 0.339583 0.142969 0.0625 0.719071
2 0.463281 0.632639 0.046875 0.0847222 0.767186
2 0.530469 0.601389 0.04375 0.0694444 0.775973
2 0.589453 0.789583 0.0820312 0.143056 0.833509
