7 0.382812 0.4875 0.0328125 0.0944444 0.289864
2 0.439844 0.525 0.0265625 0.0388889 0.328663
2 0.49375 0.479861 0.021875 0.0291667 0.352365
2 0.419922 0.468056 0.0210938 0.0277778 0.513046
2 0.383984 0.497222 0.0304688 0.0722222 0.548703
2 0.611719 0.472222 0.0296875 0.0305556 0.571585
2 0.666797 0.484722 0.0382813 0.0416667 0.592625
2 0.752734 0.607639 0.0554687 0.0569444 0.603836
2 0.533203 0.511111 0.0257812 0.0388889 0.633485
2 0.677734 0.724306 0.0867188 0.131944 0.678117
2 0.690625 0.953472 0.129688 0.0875 0.700054
2 0.439063 0.547917 0.034375 0.0652778 0.717833
2 0.496875 0.547917 0.0359375 0.0541667 0.766153
2 0.359375 0.702778 0.059375 0.113889 0.797984
2 0.55 0.655556 0.059375 0.1 0.807121
2 0.591016 0.604861 0.0460938 0.0625 0.819184
2 0.471484 0.899306 0.0945313 0.1875 0.840039
2 0.952734 0.645139 0.0945313 0.0847222 0.842459
2 0.366406 0.585417 0.0375 0.0597222 0.845381
