2 0.477344 0.49375 0.0265625 0.0375 0.381073
2 0.681641 0.559722 0.0476562 0.0388889 0.428191
5 0.800391 0.34375 0.107031 0.0625 0.466879
2 0.396094 0.511111 0.028125 0.0472222 0.468444
2 0.330469 0.796528 0.08125 0.1625 0.488526
7 0.330469 0.796528 0.0796875 0.159722 0.498023
2 0.530078 0.513889 0.0289063 0.0361111 0.513423
2 0.572656 0.573611 0.0328125 0.0444444 0.535824
2 0.703125 0.515278 0.0375 0.0388889 0.563804
2 0.875391 0.959722 0.121094 0.0777778 0.582989
2 0.437891 0.55625 0.0351562 0.0680556 0.58814
2 0.602734 0.632639 0.0445312 0.0680556 0.67783
2 0.506641 0.544444 0.0335938 0.0555556 0.751625
2 0.719922 0.764583 0.0976562 0.140278 0.815118
2 0.542188 0.648611 0.05625 0.0833333 0.823145
2 0.378906 0.609722 0.040625 0.0694444 0.832602
2 0.462109 0.698611 0.0554687 0.1 0.857747
2 0.640234 0.925 0.117969 0.147222 0.868718
