2 0.485156 0.478472 0.0203125 0.0263889 0.253676
5 0.517578 0.875694 0.133594 0.231944 0.284455
2 0.531641 0.486111 0.0242187 0.0361111 0.447961
7 0.751953 0.798611 0.110156 0.155556 0.477833
2 0.509766 0.531944 0.0273438 0.0388889 0.497286
25 0.0257812 0.733333 0.0515625 0.105556 0.498497
2 0.752344 0.799306 0.109375 0.159722 0.501473
7 0.517969 0.872222 0.129688 0.238889 0.526204
2 0.463672 0.541667 0.0351562 0.0472222 0.529934
2 0.451562 0.495139 0.025 0.0347222 0.573521
2 0.619531 0.609722 0.05 0.0805556 0.605395
5 0.350781 0.698611 0.1125 0.302778 0.626705
2 0.685156 0.929167 0.129688 0.130556 0.687499
2 0.582031 0.545833 0.034375 0.05 0.739475
2 0.783203 0.530556 0.0476562 0.0472222 0.74818
2 0.661719 0.661806 0.065625 0.0930556 0.74945
2 0.533203 0.574306 0.0382813 0.0708333 0.763582
2 0.471094 0.598611 0.040625 0.0722222 0.770482
2 0.569531 0.664583 0.05625 0.0875 0.801145
2 0.489844 0.711111 0.059375 0.105556 0.80155
