2 0.498047 0.484028 0.0210938 0.0319444 0.30278
2 0.460938 0.479861 0.0203125 0.0263889 0.323889
2 0.634375 0.509722 0.0265625 0.0361111 0.377091
2 0.536719 0.529861 0.025 0.0347222 0.439863
2 0.434375 0.504167 0.0234375 0.0388889 0.489702
2 0.441406 0.564583 0.03125 0.0486111 0.548724
2 0.694922 0.572917 0.0492188 0.0513889 0.603495
2 0.565234 0.566667 0.0320312 0.0444444 0.608061
2 0.490234 0.527778 0.0289063 0.0388889 0.648105
2 0.319922 0.886806 0.0992187 0.190278 0.686173
2 0.6 0.639583 0.053125 0.0791667 0.77262
2 0.380469 0.618056 0.0375 0.0666667 0.80176
2 0.787891 0.602778 0.0632813 0.0555556 0.82794
2 0.714063 0.7875 0.0953125 0.130556 0.829614
2 0.519922 0.597917 0.0367187 0.0597222 0.830532
2 0.45625 0.620139 0.0453125 0.0819444 0.834283
2 0.363281 0.703472 0.0609375 0.1125 0.837307
2 0.482031 0.847222 0.0734375 0.152778 0.83799
