2 0.455469 0.529167 0.028125 0.0472222 0.293292
2 0.645312 0.500694 0.03125 0.0402778 0.326217
2 0.731641 0.513889 0.0335938 0.0416667 0.336319
2 0.563672 0.540278 0.0304688 0.0527778 0.419688
2 0.690625 0.527083 0.0421875 0.0430556 0.524833
2 0.814844 0.938889 0.140625 0.116667 0.690685
2 0.398047 0.604167 0.0398437 0.0722222 0.710743
2 0.677734 0.940278 0.121094 0.113889 0.722186
2 0.466797 0.588889 0.0382813 0.0638889 0.733552
2 0.319531 0.925694 0.107813 0.143056 0.748634
2 0.621875 0.623611 0.0515625 0.0666667 0.787809
2 0.552344 0.640278 0.0515625 0.0777778 0.814951
2 0.369922 0.727778 0.0617188 0.105556 0.824814
2 0.916406 0.594444 0.0546875 0.0527778 0.826729
2 0.494531 0.890278 0.0984375 0.213889 0.85387
2 0.469141 0.709722 0.0585938 0.105556 0.854833
2 0.691406 0.732639 0.0828125 0.109722 0.856108
