2 0.568359 0.521528 0.0320312 0.0513889 0.27302
2 0.6 0.570833 0.0421875 0.0666667 0.40645
7 0.464453 0.538889 0.0398437 0.105556 0.436208
2 0.896875 0.947917 0.160938 0.104167 0.46549
2 0.746484 0.772917 0.103906 0.1875 0.472089
7 0.746094 0.770833 0.104687 0.191667 0.516331
2 0.519141 0.540278 0.0320312 0.0527778 0.521777
2 0.566797 0.633333 0.0570313 0.0888889 0.65828
2 0.400391 0.611806 0.0476562 0.0847222 0.667669
5 0.398828 0.509722 0.0492188 0.122222 0.681895
2 0.714453 0.520139 0.0460938 0.0430556 0.685926
2 0.986328 0.703472 0.0273438 0.0708333 0.691755
2 0.839063 0.625694 0.0765625 0.0708333 0.726126
2 0.485547 0.646528 0.0539063 0.0902778 0.75865
2 0.658984 0.663194 0.0695312 0.101389 0.775102
2 0.491406 0.827778 0.0765625 0.202778 0.786985
2 0.342969 0.7875 0.0828125 0.15 0.795313
2 0.604297 0.798611 0.0960938 0.172222 0.830914
2 0.937891 0.621528 0.0804688 0.0652778 0.852439
