2 0.620313 0.507639 0.0359375 0.0319444 0.2563
2 0.61875 0.488889 0.05 0.0611111 0.28689
2 0.411328 0.460417 0.0242187 0.0291667 0.300665
2 0.382031 0.485417 0.0234375 0.0625 0.342851
2 0.546875 0.571528 0.0578125 0.0625 0.345852
2 0.786328 0.55 0.0476562 0.0555556 0.403697
7 0.298047 0.910417 0.102344 0.170833 0.448675
2 0.508984 0.495833 0.0242187 0.0333333 0.463248
2 0.298828 0.9125 0.103906 0.166667 0.53917
2 0.699609 0.536111 0.0398437 0.0388889 0.586624
2 0.557031 0.561806 0.0359375 0.0541667 0.592048
2 0.478516 0.518056 0.0304688 0.0416667 0.618594
2 0.450781 0.876389 0.0890625 0.238889 0.701657
2 0.371484 0.549306 0.0320312 0.0486111 0.708349
2 0.430859 0.517361 0.0304688 0.0569444 0.719229
2 0.513672 0.585417 0.0445312 0.0680556 0.725262
2 0.751172 0.839583 0.122656 0.165278 0.764579
2 0.373047 0.638194 0.0445312 0.0819444 0.770551
2 0.455078 0.710417 0.0601562 0.106944 0.805156
2 0.610547 0.6375 0.0617188 0.0861111 0.814219
2 0.587891 0.774306 0.0914062 0.173611 0.860752
