2 0.873438 0.613889 0.0578125 0.0444444 0.255245
5 0.653125 0.377083 0.101562 0.0458333 0.284566
2 0.405469 0.501389 0.0234375 0.0333333 0.343784
2 0.696484 0.529167 0.0335938 0.0388889 0.461631
5 0.648047 0.340278 0.138281 0.0694444 0.488786
2 0.502734 0.517361 0.0289063 0.0486111 0.49472
2 0.558594 0.539583 0.0328125 0.0402778 0.515449
2 0.440234 0.520139 0.0289063 0.0569444 0.523914
2 0.394531 0.568056 0.0328125 0.0527778 0.694027
2 0.58125 0.586806 0.034375 0.0513889 0.694515
2 0.361719 0.698611 0.0625 0.111111 0.723754
2 0.310937 0.916667 0.096875 0.152778 0.737099
2 0.752344 0.824306 0.120312 0.181944 0.738984
2 0.527344 0.588194 0.040625 0.0625 0.743451
2 0.657031 0.663194 0.06875 0.0958333 0.784347
2 0.463281 0.617361 0.0421875 0.0763889 0.80887
2 0.485547 0.914583 0.0960938 0.165278 0.844537
2 0.579297 0.751389 0.0757812 0.125 0.860038
