2 0.514844 0.5 0.021875 0.0388889 0.262184
5 0.303516 0.939583 0.105469 0.1125 0.331499
2 0.44375 0.525 0.028125 0.0444444 0.379033
2 0.702734 0.547917 0.0414063 0.0402778 0.380964
2 0.55625 0.549306 0.0328125 0.0513889 0.423617
2 0.396875 0.549306 0.03125 0.0486111 0.459906
7 0.301172 0.940278 0.107031 0.111111 0.518087
2 0.505859 0.552083 0.0304688 0.0430556 0.568925
2 0.501953 0.951389 0.0867188 0.0944444 0.576379
2 0.360156 0.745139 0.06875 0.129167 0.676549
2 0.448438 0.599306 0.034375 0.0597222 0.713148
2 0.636719 0.697917 0.071875 0.0986111 0.756458
2 0.886719 0.680556 0.08125 0.0916667 0.773963
2 0.380859 0.645139 0.0398437 0.0708333 0.789037
2 0.463672 0.667361 0.0523437 0.0958333 0.802002
2 0.542188 0.651389 0.046875 0.075 0.815052
2 0.804297 0.913194 0.138281 0.173611 0.817093
2 0.590625 0.604167 0.04375 0.0555556 0.857817
