2 0.535156 0.493056 0.0234375 0.0361111 0.252958
2 0.590625 0.568056 0.04375 0.0694444 0.299298
5 0.469141 0.615972 0.0601562 0.159722 0.303737
2 0.489453 0.488889 0.0273438 0.0444444 0.317984
2 0.689453 0.503472 0.0414063 0.0458333 0.32176
2 0.450391 0.515278 0.0320312 0.0416667 0.331884
2 0.793359 0.521528 0.0445312 0.0430556 0.382976
7 0.798047 0.85625 0.125781 0.226389 0.396341
2 0.797266 0.856944 0.128906 0.230556 0.434602
2 0.470313 0.617361 0.059375 0.151389 0.485663
2 0.516797 0.541667 0.0320312 0.05 0.504965
2 0.808984 0.588889 0.0648438 0.0555556 0.719211
2 0.621875 0.616667 0.0515625 0.075 0.724426
2 0.381641 0.704167 0.0664062 0.119444 0.804578
2 0.961719 0.640278 0.0765625 0.0777778 0.824789
2 0.960156 0.764583 0.0796875 0.0986111 0.825992
5 0.383203 0.555556 0.0648438 0.163889 0.828524
2 0.542578 0.61875 0.0492188 0.0763889 0.831628
2 0.496484 0.815972 0.0773437 0.168056 0.842034
2 0.686719 0.71875 0.08125 0.120833 0.844996
2 0.650391 0.847917 0.114844 0.201389 0.878425
