2 0.848047 0.639583 0.0789063 0.0708333 0.269261
2 0.408984 0.5125 0.0210938 0.0416667 0.288104
2 0.5 0.525694 0.0265625 0.0402778 0.346032
2 0.325781 0.890278 0.101562 0.205556 0.371231
7 0.850391 0.610417 0.0835937 0.129167 0.402368
2 0.575391 0.556944 0.0304688 0.0444444 0.445155
7 0.326562 0.892361 0.0984375 0.198611 0.503846
2 0.451172 0.528472 0.0242187 0.0402778 0.510173
2 0.397656 0.572917 0.0328125 0.0569444 0.659003
2 0.519141 0.577083 0.0335938 0.0458333 0.671344
2 0.953516 0.761806 0.0929687 0.123611 0.721068
2 0.38125 0.661806 0.0484375 0.0791667 0.735248
2 0.715234 0.945833 0.117969 0.1 0.767117
2 0.769922 0.860417 0.116406 0.154167 0.790933
2 0.608594 0.610417 0.0484375 0.0736111 0.8054
2 0.553125 0.641667 0.0484375 0.0805556 0.812864
2 0.46875 0.625 0.0390625 0.0722222 0.82639
2 0.475781 0.797917 0.0765625 0.1625 0.849711
