2 0.536328 0.519444 0.0242187 0.0444444 0.370928
7 0.354297 0.805556 0.0773437 0.158333 0.440371
2 0.647266 0.511111 0.0320312 0.0333333 0.440574
2 0.841797 0.629861 0.0789063 0.0652778 0.522562
2 0.455469 0.551389 0.028125 0.05 0.59979
2 0.581641 0.577083 0.0367187 0.0541667 0.60138
2 0.399609 0.577778 0.0351562 0.05 0.604265
2 0.523438 0.584028 0.0359375 0.0513889 0.616662
2 0.353125 0.803472 0.08125 0.156944 0.686076
2 0.743359 0.576389 0.0523437 0.0555556 0.743533
2 0.476953 0.731944 0.0664062 0.127778 0.778612
2 0.626172 0.647917 0.0554687 0.0708333 0.790847
2 0.458984 0.638194 0.0414063 0.0708333 0.824373
2 0.578125 0.734722 0.0671875 0.111111 0.825588
2 0.380859 0.678472 0.0492188 0.0847222 0.831745
2 0.955469 0.650694 0.084375 0.0736111 0.838623
2 0.694531 0.7875 0.096875 0.136111 0.880656
