2 0.466016 0.449306 0.0226563 0.0291667 0.264471
2 0.674219 0.465972 0.028125 0.0263889 0.285679
2 0.404297 0.561111 0.0335938 0.0666667 0.287672
25 0.0222656 0.734028 0.0429688 0.101389 0.303965
2 0.624219 0.611806 0.053125 0.0847222 0.558607
2 0.538281 0.49375 0.0265625 0.0375 0.561475
2 0.45625 0.502778 0.028125 0.0416667 0.587403
2 0.729688 0.504167 0.040625 0.0416667 0.644206
2 0.517578 0.544444 0.0320312 0.0444444 0.658453
2 0.466797 0.557639 0.0351562 0.0486111 0.690673
2 0.665234 0.670833 0.0710938 0.105556 0.740935
2 0.589844 0.558333 0.0390625 0.05 0.744197
2 0.475781 0.618056 0.0421875 0.0722222 0.75912
2 0.497656 0.763194 0.0640625 0.123611 0.780771
2 0.541406 0.593056 0.04375 0.0722222 0.793344
2 0.776172 0.831944 0.116406 0.169444 0.79343
2 0.583203 0.695833 0.0648438 0.1 0.797484
5 0.337891 0.747222 0.127344 0.355556 0.829498
