2 0.482422 0.465972 0.0195312 0.0347222 0.260354
2 0.483594 0.501389 0.0203125 0.0333333 0.297709
2 0.520312 0.504167 0.0203125 0.025 0.345924
2 0.55625 0.527778 0.0359375 0.0444444 0.400675
2 0.442187 0.504861 0.0203125 0.0319444 0.498065
2 0.401172 0.535417 0.0273438 0.0458333 0.538085
2 0.498828 0.540278 0.0257812 0.0388889 0.53819
2 0.703906 0.513889 0.03125 0.0388889 0.579682
2 0.359766 0.755556 0.0695312 0.130556 0.669832
2 0.459375 0.56875 0.0328125 0.0513889 0.70769
2 0.578125 0.565278 0.0375 0.0611111 0.716732
2 0.390625 0.599306 0.0359375 0.0597222 0.717416
2 0.525 0.584028 0.0359375 0.0541667 0.734982
2 0.60625 0.754861 0.078125 0.143056 0.774563
2 0.464844 0.672222 0.053125 0.0944444 0.820474
2 0.671875 0.711111 0.06875 0.0944444 0.842889
