2 0.467969 0.584028 0.0484375 0.115278 0.312867
2 0.525391 0.479861 0.0242187 0.0291667 0.345315
7 0.774219 0.81875 0.115625 0.209722 0.351779
7 0.467187 0.579167 0.046875 0.122222 0.368906
2 0.773438 0.817361 0.120312 0.215278 0.383704
2 0.579687 0.549306 0.0375 0.0625 0.401944
25 0.0117188 0.73125 0.0234375 0.0708333 0.444228
7 0.312891 0.9 0.102344 0.186111 0.492552
5 0.466016 0.576389 0.0492188 0.130556 0.512862
2 0.505859 0.51875 0.0304688 0.0402778 0.545636
2 0.752344 0.519444 0.04375 0.0416667 0.575282
2 0.312109 0.895139 0.0992187 0.190278 0.606515
2 0.674609 0.961111 0.116406 0.075 0.610244
2 0.6875 0.510417 0.0390625 0.0430556 0.65808
2 0.389453 0.655556 0.0554687 0.102778 0.713886
2 0.530469 0.578472 0.0375 0.0597222 0.722513
2 0.785156 0.561806 0.0609375 0.0569444 0.776707
2 0.978125 0.709722 0.04375 0.0777778 0.791232
2 0.610547 0.597222 0.0476562 0.0722222 0.793619
2 0.599609 0.726389 0.0804688 0.133333 0.808331
2 0.490234 0.715278 0.0648438 0.116667 0.813804
5 0.388281 0.53125 0.05625 0.140278 0.816581
2 0.675391 0.697222 0.0757812 0.116667 0.865214
2 0.9375 0.592361 0.0828125 0.0736111 0.867443
