2 0.517578 0.500694 0.0273438 0.0347222 0.251904
2 0.415625 0.461111 0.025 0.0277778 0.272434
2 0.383203 0.488194 0.0273438 0.0597222 0.40878
2 0.485938 0.525694 0.03125 0.0486111 0.495274
7 0.283203 0.95 0.0992187 0.0972222 0.529945
2 0.569531 0.572222 0.0421875 0.0555556 0.619011
2 0.942578 0.774306 0.114844 0.104167 0.630794
2 0.663281 0.507639 0.0375 0.0402778 0.650582
2 0.455469 0.919444 0.096875 0.158333 0.6719
2 0.738672 0.521528 0.0507812 0.0486111 0.685066
2 0.434766 0.529167 0.0304688 0.0527778 0.716394
2 0.525781 0.607639 0.05 0.0736111 0.792215
2 0.811328 0.909722 0.155469 0.180556 0.82395
2 0.36875 0.659028 0.05 0.0930556 0.828869
2 0.370703 0.560417 0.0335938 0.0513889 0.839341
2 0.63125 0.661111 0.071875 0.0972222 0.847708
2 0.460547 0.763889 0.0679687 0.125 0.854871
2 0.624219 0.852778 0.11875 0.222222 0.867108
