2 0.477344 0.497917 0.025 0.0263889 0.331326
2 0.394531 0.498611 0.0265625 0.0416667 0.348369
2 0.434766 0.526389 0.0242187 0.0416667 0.356074
2 0.514844 0.498611 0.0234375 0.0305556 0.46451
2 0.539453 0.527083 0.0273438 0.0375 0.530544
2 0.5 0.542361 0.0296875 0.0430556 0.56316
2 0.385547 0.572917 0.0320312 0.0513889 0.668267
2 0.449609 0.566667 0.0367187 0.0527778 0.678988
2 0.721094 0.575 0.046875 0.0527778 0.722821
2 0.566406 0.579861 0.040625 0.0541667 0.756028
2 0.933203 0.745833 0.125781 0.130556 0.763446
2 0.469141 0.715278 0.0523437 0.102778 0.785873
2 0.339844 0.795833 0.075 0.136111 0.810358
2 0.372656 0.649306 0.0515625 0.0958333 0.811051
2 0.478906 0.848611 0.08125 0.163889 0.821787
2 0.640234 0.669444 0.0679687 0.0861111 0.844808
2 0.621484 0.847222 0.103906 0.186111 0.881384
