2 0.522656 0.504861 0.0234375 0.0347222 0.272314
2 0.466406 0.479167 0.021875 0.025 0.283145
2 0.429297 0.497222 0.0226563 0.0333333 0.287977
2 0.633594 0.472917 0.0296875 0.0347222 0.387526
2 0.546875 0.543056 0.034375 0.0527778 0.392859
2 0.4875 0.515278 0.0234375 0.0416667 0.517758
2 0.571484 0.725694 0.0757812 0.120833 0.549557
2 0.385938 0.542361 0.03125 0.0458333 0.565676
7 0.570703 0.729861 0.0773437 0.123611 0.569086
2 0.782812 0.89375 0.1375 0.181944 0.590749
2 0.83125 0.661111 0.0796875 0.0611111 0.669926
2 0.461719 0.650694 0.0421875 0.0736111 0.705279
2 0.441797 0.534028 0.0320312 0.0458333 0.715416
2 0.375781 0.613194 0.046875 0.0819444 0.777275
2 0.346094 0.75 0.065625 0.116667 0.787609
2 0.467969 0.747222 0.0640625 0.113889 0.802577
2 0.677734 0.516667 0.0382813 0.0472222 0.804686
2 0.604688 0.61875 0.053125 0.0708333 0.817646
