2 0.453516 0.518056 0.0273438 0.0527778 0.271773
2 0.560156 0.538889 0.0296875 0.0527778 0.394282
2 0.765234 0.622222 0.0554687 0.0527778 0.424155
2 0.656641 0.506944 0.0335938 0.0416667 0.546171
2 0.703906 0.538194 0.040625 0.0430556 0.580395
2 0.464844 0.583333 0.0359375 0.0611111 0.653736
2 0.546875 0.629167 0.0484375 0.0694444 0.712297
2 0.399609 0.599306 0.0382813 0.0708333 0.717353
2 0.616016 0.615972 0.0507812 0.0680556 0.737892
2 0.801562 0.925694 0.15 0.145833 0.784748
2 0.492969 0.864583 0.09375 0.193056 0.811311
2 0.324219 0.913889 0.10625 0.169444 0.811648
2 0.680469 0.718056 0.078125 0.1 0.813768
2 0.372656 0.719444 0.059375 0.102778 0.823719
2 0.658984 0.920833 0.113281 0.155556 0.841186
2 0.95625 0.617361 0.075 0.0541667 0.853108
2 0.467578 0.698611 0.0585938 0.0944444 0.862172
