2 0.591016 0.630556 0.114844 0.0777778 0.262641
2 0.501562 0.513889 0.03125 0.0388889 0.265027
2 0.739062 0.575 0.065625 0.0638889 0.335069
2 0.572656 0.545833 0.03125 0.05 0.343155
5 0.664453 0.369444 0.0835937 0.0638889 0.398535
2 0.474609 0.583333 0.0351562 0.0472222 0.41448
2 0.663672 0.502778 0.0320312 0.0416667 0.444799
7 0.460156 0.511806 0.0328125 0.0847222 0.482833
7 0.688281 0.701389 0.0765625 0.138889 0.495907
5 0.40625 0.529167 0.0421875 0.155556 0.539616
2 0.533203 0.561806 0.0382813 0.0569444 0.56679
2 0.548828 0.636111 0.0492188 0.0833333 0.657385
2 0.477734 0.665972 0.0476562 0.1125 0.688414
2 0.619531 0.620833 0.0546875 0.075 0.776203
2 0.372266 0.683333 0.0585938 0.0944444 0.794803
2 0.508594 0.91875 0.1125 0.1625 0.800043
2 0.339453 0.842361 0.0960938 0.193056 0.825516
2 0.608984 0.761111 0.0757812 0.130556 0.829951
2 0.836719 0.910417 0.146875 0.173611 0.879961
