7 0.407813 0.49375 0.0328125 0.101389 0.274772
2 0.527344 0.497222 0.0234375 0.0305556 0.285646
2 0.523047 0.548611 0.0476562 0.0527778 0.310397
2 0.410156 0.528472 0.0328125 0.0513889 0.335038
2 0.455859 0.515278 0.0273438 0.0388889 0.375522
7 0.301953 0.916667 0.125781 0.152778 0.433109
2 0.564062 0.541667 0.0296875 0.0444444 0.439647
2 0.507422 0.538889 0.0320312 0.05 0.493346
2 0.464063 0.574306 0.03125 0.0652778 0.585994
2 0.738672 0.523611 0.0414063 0.0444444 0.657603
2 0.605078 0.595139 0.0445312 0.0791667 0.658276
2 0.825391 0.609028 0.0679687 0.0569444 0.70085
2 0.303906 0.916667 0.115625 0.158333 0.701347
2 0.383984 0.652778 0.0570313 0.113889 0.702144
2 0.533594 0.585417 0.0359375 0.0597222 0.732402
2 0.479297 0.661806 0.0539063 0.0986111 0.810996
2 0.937109 0.743056 0.116406 0.125 0.823849
2 0.696875 0.723611 0.0796875 0.111111 0.855854
2 0.637891 0.856944 0.102344 0.172222 0.866776
2 0.484766 0.93125 0.105469 0.120833 0.870531
2 0.835156 0.920139 0.15625 0.156944 0.884615
