7 0.86875 0.5625 0.065625 0.0972222 0.306227
2 0.507031 0.834722 0.107813 0.311111 0.340345
2 0.449219 0.4875 0.0234375 0.0333333 0.365791
7 0.338281 0.93125 0.103125 0.131944 0.408475
5 0.869141 0.5625 0.0664062 0.1 0.412496
7 0.507422 0.834722 0.113281 0.305556 0.442234
25 0.0164062 0.734028 0.0328125 0.0986111 0.449524
2 0.742969 0.494444 0.0359375 0.0361111 0.463468
2 0.523828 0.478472 0.0226563 0.0319444 0.468968
2 0.461328 0.532639 0.0351562 0.0458333 0.487369
2 0.338281 0.930556 0.104687 0.130556 0.514195
2 0.574609 0.538889 0.0320312 0.0472222 0.543784
2 0.614453 0.598611 0.0492188 0.0777778 0.566361
2 0.501562 0.513889 0.025 0.0388889 0.601943
2 0.524609 0.558333 0.0351562 0.0583333 0.620399
2 0.487109 0.656944 0.0523437 0.0638889 0.651742
2 0.466797 0.582639 0.0367187 0.0569444 0.788527
2 0.650781 0.652083 0.0625 0.0902778 0.794126
2 0.557422 0.634028 0.0492188 0.0736111 0.811243
5 0.359766 0.658333 0.100781 0.263889 0.860184
2 0.733984 0.774306 0.0992187 0.148611 0.869758
2 0.636328 0.847222 0.0992187 0.169444 0.894316
