2 0.496875 0.504167 0.0265625 0.0472222 0.251275
25 0.0191406 0.752083 0.0382813 0.104167 0.307569
2 0.545703 0.520833 0.0273438 0.0361111 0.340273
2 0.729688 0.583333 0.05 0.0472222 0.367057
2 0.566797 0.559028 0.0304688 0.0458333 0.451643
5 0.50625 0.335417 0.132812 0.0625 0.496625
2 0.441406 0.507639 0.025 0.0458333 0.538399
2 0.404687 0.543056 0.03125 0.0444444 0.55455
2 0.461328 0.579861 0.0320312 0.0541667 0.646137
2 0.517187 0.558333 0.0328125 0.0527778 0.700755
2 0.347656 0.801389 0.075 0.136111 0.734712
2 0.620313 0.611111 0.05 0.0694444 0.735296
2 0.680469 0.711806 0.08125 0.120833 0.769471
2 0.381641 0.646528 0.0492188 0.0875 0.772306
2 0.551953 0.660417 0.0523437 0.0819444 0.793229
2 0.479688 0.770139 0.0671875 0.129167 0.822178
2 0.814844 0.608333 0.0625 0.0583333 0.831234
2 0.634766 0.842361 0.0976562 0.179167 0.843132
