2 0.453516 0.513889 0.0320312 0.0444444 0.266551
2 0.485156 0.490278 0.0203125 0.0361111 0.26762
2 0.682422 0.504167 0.0382813 0.0416667 0.324665
2 0.507031 0.460417 0.0171875 0.0291667 0.342689
7 0.866406 0.908333 0.153125 0.175 0.353157
2 0.439453 0.463889 0.0257812 0.0333333 0.380126
2 0.514844 0.971528 0.0875 0.0486111 0.38088
7 0.482812 0.701389 0.0734375 0.205556 0.400318
2 0.739453 0.575 0.0476562 0.0583333 0.428097
2 0.601953 0.586806 0.0492188 0.0763889 0.432
2 0.867188 0.907639 0.160938 0.179167 0.468746
2 0.504687 0.519444 0.0296875 0.05 0.489534
2 0.553125 0.514583 0.0296875 0.0458333 0.581577
2 0.459375 0.54375 0.03125 0.0541667 0.58437
2 0.742578 0.513889 0.0398437 0.0416667 0.619471
2 0.482422 0.695833 0.0726563 0.216667 0.638077
2 0.533984 0.582639 0.0398437 0.0597222 0.682893
2 0.905859 0.575 0.0429688 0.0472222 0.741903
2 0.636719 0.636111 0.0578125 0.0833333 0.808439
5 0.375 0.599306 0.08125 0.198611 0.839057
2 0.707422 0.74375 0.0882813 0.134722 0.851166
2 0.573047 0.691667 0.0648438 0.102778 0.851599
2 0.364844 0.797917 0.08125 0.165278 0.851877
