2 0.434766 0.526389 0.0242187 0.0444444 0.304713
2 0.394141 0.49375 0.0257812 0.0513889 0.309448
2 0.477734 0.5 0.0242187 0.0277778 0.367721
2 0.517187 0.5 0.0234375 0.0305556 0.397449
2 0.501562 0.545833 0.0296875 0.0472222 0.469166
2 0.540234 0.528472 0.0273438 0.0375 0.478552
2 0.45 0.567361 0.0359375 0.0541667 0.648603
2 0.715234 0.568056 0.0445312 0.0527778 0.682206
2 0.386328 0.577778 0.0320312 0.0527778 0.721299
2 0.567187 0.582639 0.040625 0.0569444 0.768909
2 0.339063 0.798611 0.0734375 0.141667 0.809158
2 0.469531 0.720139 0.053125 0.106944 0.826288
2 0.371875 0.653472 0.053125 0.0958333 0.833075
2 0.915625 0.736806 0.11875 0.120833 0.838086
2 0.642578 0.674306 0.0648438 0.0847222 0.841199
2 0.478906 0.859028 0.08125 0.170833 0.858699
2 0.626953 0.860417 0.105469 0.1875 0.882729
