2 0.465234 0.471528 0.0210938 0.0291667 0.286028
2 0.51875 0.5 0.0234375 0.0333333 0.31875
2 0.303516 0.968056 0.0914062 0.0583333 0.451792
2 0.641797 0.477083 0.0320312 0.0375 0.495034
2 0.484766 0.511111 0.0242187 0.0416667 0.517918
2 0.385547 0.540278 0.0289063 0.0388889 0.596717
2 0.437891 0.525 0.0367187 0.0527778 0.607348
2 0.8625 0.695833 0.0890625 0.0916667 0.620479
2 0.542578 0.540972 0.0335938 0.0486111 0.627509
2 0.564453 0.708333 0.0695312 0.116667 0.688745
2 0.458984 0.640278 0.0414063 0.0694444 0.712451
2 0.347266 0.739583 0.0632813 0.115278 0.744238
2 0.376172 0.60625 0.0429688 0.0819444 0.756623
2 0.764063 0.866667 0.126563 0.166667 0.758365
2 0.6875 0.521528 0.040625 0.0430556 0.793911
2 0.599609 0.611111 0.0507812 0.0666667 0.801975
2 0.465625 0.73125 0.0578125 0.101389 0.83136
