2 0.459375 0.526389 0.0296875 0.0416667 0.264974
2 0.503516 0.508333 0.0273438 0.0388889 0.270171
7 0.408984 0.495833 0.0335938 0.113889 0.300872
2 0.535156 0.500694 0.025 0.0375 0.370719
2 0.573438 0.551389 0.0359375 0.0527778 0.397449
2 0.409766 0.532639 0.0320312 0.0569444 0.418271
2 0.291406 0.954861 0.1 0.0875 0.485009
2 0.390234 0.609028 0.0398437 0.0597222 0.495105
2 0.513672 0.548611 0.0335938 0.0583333 0.588972
2 0.378125 0.685417 0.0609375 0.106944 0.625848
2 0.619531 0.614583 0.0515625 0.0763889 0.676457
2 0.751172 0.558333 0.0476562 0.0472222 0.689591
2 0.466406 0.586806 0.034375 0.0763889 0.69309
2 0.813672 0.634722 0.0773437 0.0777778 0.73546
2 0.873047 0.943056 0.163281 0.105556 0.770936
2 0.543359 0.606944 0.0398437 0.0611111 0.776711
2 0.482422 0.692361 0.0601562 0.1125 0.835555
2 0.9625 0.709028 0.075 0.0902778 0.848643
2 0.682422 0.932639 0.130469 0.134722 0.848725
2 0.724609 0.761111 0.0914062 0.125 0.849844
