2 0.970703 0.772917 0.0585938 0.0680556 0.311272
2 0.530078 0.483333 0.0242187 0.0361111 0.406455
25 0.025 0.733333 0.05 0.105556 0.480769
2 0.508594 0.526389 0.0265625 0.0388889 0.514991
2 0.463672 0.540972 0.0335938 0.0458333 0.53338
2 0.450781 0.494444 0.0234375 0.0333333 0.55468
2 0.749219 0.795833 0.107813 0.161111 0.636593
2 0.619141 0.609722 0.0507812 0.0777778 0.637491
7 0.516797 0.865972 0.127344 0.248611 0.648771
2 0.58125 0.54375 0.034375 0.0486111 0.733649
2 0.533203 0.571528 0.0367187 0.0680556 0.743475
2 0.470313 0.596528 0.0390625 0.0680556 0.750759
2 0.661328 0.661806 0.0632813 0.0902778 0.784378
2 0.792188 0.533333 0.0515625 0.05 0.787187
5 0.352734 0.693056 0.113281 0.297222 0.78829
2 0.490625 0.704861 0.0578125 0.0986111 0.799605
2 0.677344 0.924306 0.120312 0.151389 0.832497
2 0.568359 0.661806 0.0570313 0.0847222 0.84477
