2 0.41875 0.465972 0.025 0.0291667 0.268959
2 0.491016 0.475694 0.0242187 0.0291667 0.299011
2 0.991406 0.686111 0.0171875 0.05 0.423896
2 0.383203 0.490972 0.0289063 0.0791667 0.444211
2 0.626562 0.481944 0.0296875 0.0305556 0.556858
2 0.526953 0.507639 0.0257812 0.0375 0.620071
2 0.6875 0.495139 0.040625 0.0402778 0.628002
2 0.582812 0.590278 0.0453125 0.0638889 0.742982
2 0.437891 0.539583 0.0320312 0.0625 0.743099
2 0.492969 0.538889 0.034375 0.0527778 0.767638
2 0.46875 0.850694 0.084375 0.170833 0.843713
2 0.361719 0.683333 0.0578125 0.108333 0.850552
2 0.368359 0.576389 0.0367187 0.0583333 0.85285
2 0.660547 0.699306 0.0804688 0.120833 0.853846
2 0.541016 0.636806 0.0570313 0.0930556 0.859061
2 0.673437 0.919444 0.14375 0.155556 0.86782
