25 0.0214844 0.755556 0.0429688 0.108333 0.2553
2 0.548047 0.525 0.0257812 0.0333333 0.306023
2 0.473047 0.470833 0.0226563 0.0305556 0.31181
2 0.408594 0.492361 0.021875 0.0347222 0.315729
2 0.498437 0.50625 0.028125 0.0458333 0.34212
2 0.569922 0.564583 0.0304688 0.0458333 0.463806
5 0.536719 0.335417 0.132812 0.0625 0.536127
2 0.442187 0.509028 0.0265625 0.0486111 0.551212
2 0.705469 0.567361 0.0453125 0.0486111 0.59789
2 0.401953 0.548611 0.0304688 0.0472222 0.609629
2 0.626562 0.619444 0.053125 0.0777778 0.704591
2 0.519531 0.564583 0.0359375 0.0541667 0.739154
2 0.461328 0.584028 0.0351562 0.0625 0.76163
2 0.378516 0.657639 0.0492188 0.0930556 0.766634
2 0.340234 0.827083 0.0804688 0.148611 0.781801
2 0.781641 0.584722 0.0554687 0.0527778 0.810143
2 0.651172 0.888194 0.111719 0.204167 0.814508
2 0.55625 0.676389 0.0578125 0.0916667 0.818459
2 0.48125 0.8 0.071875 0.144444 0.85955
2 0.694922 0.731944 0.0898438 0.130556 0.863651
