2 0.410547 0.523611 0.0257812 0.0416667 0.274141
7 0.237109 0.914583 0.260156 0.165278 0.280819
2 0.439063 0.496528 0.021875 0.0291667 0.295356
2 0.546484 0.533333 0.0226563 0.0361111 0.366326
7 0.836328 0.929861 0.135156 0.129167 0.388669
2 0.979688 0.813889 0.040625 0.0638889 0.408006
7 0.310937 0.923611 0.103125 0.138889 0.408262
25 0.0167969 0.756944 0.0335938 0.1 0.42893
2 0.585938 0.569444 0.0359375 0.0527778 0.448146
2 0.836719 0.93125 0.135937 0.129167 0.451619
2 0.505078 0.534028 0.0289063 0.0430556 0.522223
2 0.778516 0.578472 0.0632813 0.0708333 0.590336
2 0.816016 0.645139 0.0835937 0.0791667 0.615758
2 0.454688 0.538889 0.0296875 0.0472222 0.62764
2 0.526563 0.593056 0.0359375 0.0555556 0.699268
2 0.623828 0.632639 0.0539063 0.0763889 0.701868
2 0.397656 0.590278 0.034375 0.0611111 0.718822
2 0.377734 0.691667 0.0507812 0.0888889 0.720806
2 0.473047 0.652778 0.0429688 0.0805556 0.745628
2 0.567969 0.677778 0.0578125 0.0972222 0.762265
2 0.483594 0.883333 0.0921875 0.208333 0.777245
