2 0.465234 0.486111 0.0195312 0.0277778 0.253257
2 0.505078 0.493056 0.0210938 0.0333333 0.335254
2 0.396484 0.538194 0.0289063 0.0458333 0.369942
2 0.660156 0.54375 0.0296875 0.0402778 0.391496
2 0.971094 0.772222 0.05625 0.0916667 0.444894
2 0.546094 0.536111 0.0265625 0.0361111 0.476356
2 0.438281 0.515278 0.0234375 0.0388889 0.483034
7 0.971484 0.772222 0.0570313 0.0972222 0.505807
2 0.444531 0.579861 0.0359375 0.0597222 0.567533
2 0.741406 0.574306 0.0515625 0.0486111 0.601157
2 0.497656 0.539583 0.028125 0.0347222 0.677754
2 0.310547 0.913889 0.0992187 0.158333 0.704626
2 0.577344 0.581944 0.0421875 0.0555556 0.723447
2 0.751562 0.844444 0.114063 0.161111 0.727148
2 0.380469 0.629167 0.0390625 0.0694444 0.755414
2 0.529297 0.622222 0.0429688 0.0666667 0.792594
2 0.615625 0.666667 0.0640625 0.0861111 0.80606
2 0.360938 0.722917 0.065625 0.118056 0.82112
2 0.460156 0.644444 0.05 0.0833333 0.823277
2 0.491797 0.909028 0.0835937 0.173611 0.846231
