2 0.629297 0.470139 0.0289063 0.0319444 0.256207
2 0.524609 0.508333 0.0242187 0.0333333 0.293788
2 0.429297 0.502778 0.0226563 0.0361111 0.310801
2 0.489062 0.520833 0.025 0.0416667 0.37696
2 0.548437 0.547917 0.0359375 0.0513889 0.388238
2 0.385938 0.547222 0.03125 0.0472222 0.547768
2 0.801562 0.909722 0.14375 0.177778 0.629127
2 0.44375 0.538194 0.03125 0.0458333 0.652979
2 0.461328 0.661111 0.0445312 0.0777778 0.713387
2 0.807422 0.643056 0.0648438 0.0694444 0.723984
2 0.345313 0.754861 0.0671875 0.118056 0.763804
2 0.610547 0.626389 0.0539063 0.0694444 0.785648
2 0.668359 0.511806 0.0382813 0.0458333 0.800492
2 0.376563 0.617361 0.0453125 0.0847222 0.804411
2 0.577734 0.738889 0.0773437 0.130556 0.817976
2 0.469531 0.754861 0.0640625 0.118056 0.843942
