2 0.605469 0.725694 0.14375 0.126389 0.270628
2 0.453516 0.465278 0.0226563 0.0361111 0.288812
2 0.418359 0.475 0.0195312 0.0305556 0.310957
2 0.438281 0.554861 0.0359375 0.0513889 0.325948
2 0.383984 0.535417 0.0320312 0.0513889 0.40542
2 0.478906 0.508333 0.03125 0.0472222 0.432059
2 0.511719 0.502778 0.0296875 0.0361111 0.489656
2 0.542578 0.536111 0.0320312 0.0472222 0.572954
2 0.967969 0.68125 0.0640625 0.0708333 0.639111
7 0.282813 0.925694 0.103125 0.145833 0.65454
2 0.511328 0.572917 0.0414063 0.0736111 0.715801
2 0.433984 0.604167 0.0429688 0.0805556 0.729548
2 0.959375 0.791667 0.08125 0.119444 0.731347
2 0.592188 0.609722 0.05 0.0638889 0.742358
2 0.873047 0.645139 0.0773437 0.0902778 0.791781
2 0.642187 0.706944 0.071875 0.102778 0.814122
2 0.357812 0.661111 0.053125 0.0861111 0.842198
2 0.580469 0.761111 0.0828125 0.141667 0.857445
2 0.846484 0.918056 0.157031 0.155556 0.861047
2 0.464063 0.859028 0.084375 0.190278 0.874454
