9 0.693359 0.490972 0.0351562 0.0375 0.280211
2 0.400391 0.656944 0.0351562 0.0833333 0.315148
2 0.467969 0.455556 0.0203125 0.0305556 0.380957
2 0.498437 0.5 0.0234375 0.0305556 0.390314
2 0.458594 0.509722 0.0265625 0.0444444 0.546654
2 0.750781 0.590972 0.0515625 0.0513889 0.553457
2 0.630859 0.617361 0.0554687 0.0875 0.568118
2 0.523438 0.556944 0.034375 0.0472222 0.574603
2 0.543359 0.502083 0.0273438 0.0375 0.583258
2 0.677344 0.684028 0.065625 0.101389 0.586541
2 0.471094 0.570139 0.0375 0.0625 0.627457
2 0.594922 0.563194 0.0382813 0.0513889 0.636081
2 0.801172 0.869444 0.127344 0.186111 0.706211
5 0.327344 0.788194 0.1375 0.401389 0.789738
2 0.549219 0.611111 0.046875 0.0833333 0.790094
2 0.594531 0.728472 0.0703125 0.109722 0.800336
2 0.478906 0.636806 0.04375 0.0763889 0.802242
2 0.504687 0.821528 0.075 0.154167 0.863954
