7 0.864062 0.645833 0.0765625 0.0694444 0.320371
2 0.653516 0.515972 0.0351562 0.0375 0.427389
2 0.399219 0.576389 0.0328125 0.0472222 0.449062
2 0.599219 0.699306 0.0890625 0.1125 0.450674
2 0.534375 0.517361 0.0234375 0.0430556 0.511271
2 0.576953 0.572222 0.0351562 0.0527778 0.547306
2 0.521875 0.577778 0.0359375 0.05 0.602055
2 0.453516 0.549306 0.0289063 0.0458333 0.61617
2 0.863672 0.650694 0.0773437 0.0652778 0.63792
2 0.475 0.720139 0.0625 0.123611 0.709885
2 0.757422 0.586111 0.0539063 0.0611111 0.744854
2 0.355078 0.792361 0.0757812 0.148611 0.745398
2 0.976172 0.672917 0.0476562 0.0680556 0.757402
2 0.621094 0.639583 0.0546875 0.0708333 0.778194
2 0.45625 0.634028 0.0421875 0.0736111 0.795626
2 0.38125 0.674306 0.046875 0.0819444 0.838962
2 0.571484 0.720139 0.0632813 0.104167 0.840611
2 0.685156 0.771528 0.090625 0.123611 0.866982
