7 0.695312 0.949306 0.121875 0.0986111 0.28795
2 0.694531 0.947917 0.121875 0.0958333 0.288897
2 0.486719 0.48125 0.0203125 0.0263889 0.291848
2 0.530859 0.550694 0.0476562 0.0541667 0.415951
7 0.759375 0.808333 0.109375 0.158333 0.480673
2 0.534766 0.4875 0.0242187 0.0361111 0.511084
2 0.620703 0.6125 0.0507812 0.0805556 0.538956
2 0.927734 0.724306 0.111719 0.120833 0.553357
2 0.760156 0.808333 0.109375 0.161111 0.55905
2 0.512109 0.536806 0.0289063 0.0402778 0.562407
2 0.465234 0.549306 0.0351562 0.0541667 0.587149
2 0.451953 0.497222 0.0257812 0.0361111 0.591574
7 0.522266 0.886806 0.141406 0.215278 0.599987
2 0.765625 0.520139 0.0453125 0.0458333 0.626233
2 0.584375 0.550694 0.034375 0.0513889 0.650958
2 0.6625 0.663889 0.0671875 0.1 0.687249
2 0.535937 0.579167 0.040625 0.0722222 0.747912
2 0.473047 0.603472 0.0398437 0.0625 0.755298
5 0.348047 0.709722 0.114844 0.322222 0.79728
2 0.573047 0.672222 0.0585938 0.0916667 0.812152
2 0.49375 0.729167 0.059375 0.116667 0.835585
