2 0.505469 0.511806 0.0359375 0.0458333 0.315555
2 0.489844 0.489583 0.025 0.0402778 0.336452
25 0.0222656 0.760417 0.0429688 0.101389 0.345787
7 0.307422 0.946528 0.0976562 0.0986111 0.349881
2 0.533203 0.509028 0.0210938 0.0291667 0.369204
2 0.409766 0.526389 0.0273438 0.0444444 0.39417
2 0.440234 0.5 0.0210938 0.0305556 0.457426
2 0.762891 0.549306 0.0414063 0.0486111 0.469157
2 0.771875 0.619444 0.0703125 0.0805556 0.527594
2 0.55 0.538194 0.025 0.0347222 0.534635
2 0.508984 0.5375 0.0289063 0.0444444 0.588925
2 0.592188 0.576389 0.0359375 0.0527778 0.652301
2 0.457422 0.546528 0.0273438 0.0458333 0.663321
2 0.948828 0.776389 0.100781 0.102778 0.726543
2 0.475 0.668056 0.0453125 0.0888889 0.762141
2 0.632031 0.64375 0.059375 0.0819444 0.769538
2 0.373437 0.705556 0.0546875 0.0944444 0.773365
2 0.486328 0.9 0.0992187 0.191667 0.777292
2 0.575781 0.697222 0.0625 0.102778 0.780267
2 0.530469 0.602778 0.0375 0.0583333 0.79468
2 0.395703 0.598611 0.0367187 0.0666667 0.805298
