2 0.518359 0.475694 0.0226563 0.0291667 0.267291
2 0.448828 0.479861 0.0195312 0.0291667 0.281845
2 0.474609 0.465278 0.0226563 0.0277778 0.282255
25 0.0265625 0.746528 0.053125 0.104167 0.302863
7 0.309375 0.814583 0.154687 0.359722 0.393643
2 0.505469 0.509722 0.028125 0.0388889 0.424069
2 0.990625 0.715972 0.01875 0.0625 0.481375
5 0.305859 0.811806 0.158594 0.365278 0.555758
2 0.682813 0.699306 0.08125 0.104167 0.563842
2 0.460156 0.523611 0.028125 0.0472222 0.592244
2 0.549219 0.508333 0.025 0.0388889 0.595157
2 0.636719 0.629861 0.0578125 0.0847222 0.606021
2 0.597656 0.572917 0.0390625 0.0569444 0.656941
2 0.529688 0.570833 0.0359375 0.0583333 0.68397
2 0.391406 0.684028 0.0453125 0.0958333 0.692966
2 0.401953 0.596528 0.0351562 0.0458333 0.700735
2 0.473437 0.586806 0.0390625 0.0597222 0.736955
2 0.482422 0.666667 0.0492188 0.0888889 0.800664
2 0.559375 0.636111 0.053125 0.0972222 0.805395
2 0.845703 0.909722 0.150781 0.177778 0.827197
2 0.611719 0.779167 0.08125 0.130556 0.858834
2 0.514063 0.910417 0.0890625 0.173611 0.864035
