2 0.525391 0.513889 0.0226563 0.0305556 0.381283
2 0.563281 0.5375 0.034375 0.0444444 0.487609
2 0.489844 0.509722 0.025 0.0361111 0.509471
2 0.445703 0.511111 0.0210938 0.0388889 0.515771
2 0.988672 0.758333 0.0226563 0.0611111 0.54167
2 0.349609 0.797917 0.0757812 0.145833 0.587159
2 0.505859 0.550694 0.0289063 0.0430556 0.598532
2 0.4 0.55 0.0296875 0.0527778 0.629805
2 0.387891 0.617361 0.0414063 0.0680556 0.689563
2 0.462109 0.585417 0.0367187 0.0569444 0.722562
2 0.7 0.753472 0.078125 0.109722 0.736781
2 0.533984 0.601389 0.0414063 0.0666667 0.775212
2 0.588281 0.581944 0.0421875 0.0583333 0.818692
2 0.638281 0.828472 0.096875 0.181944 0.835696
2 0.465625 0.709722 0.0625 0.119444 0.845766
