2 0.407813 0.509028 0.021875 0.0347222 0.312642
25 0.0277344 0.755556 0.0554687 0.108333 0.358112
2 0.568359 0.539583 0.0320312 0.0569444 0.450347
2 0.531641 0.515278 0.0210938 0.0333333 0.473518
2 0.447266 0.517361 0.0226563 0.0375 0.485762
2 0.494141 0.513889 0.0242187 0.0388889 0.491128
2 0.933984 0.6625 0.0929687 0.0833333 0.61638
2 0.511719 0.561111 0.0328125 0.0472222 0.681147
2 0.399219 0.560417 0.0328125 0.0541667 0.716824
2 0.385938 0.636111 0.0421875 0.0722222 0.769948
2 0.93125 0.694444 0.103125 0.1 0.772088
2 0.335156 0.840972 0.0953125 0.176389 0.777359
2 0.598047 0.590972 0.0429688 0.0708333 0.780933
2 0.729688 0.796528 0.090625 0.131944 0.815763
2 0.675781 0.899306 0.121875 0.195833 0.831672
2 0.465234 0.602778 0.0367187 0.0638889 0.834592
2 0.541406 0.620833 0.0453125 0.0722222 0.839034
2 0.471484 0.750694 0.0679687 0.134722 0.862741
