2 0.611719 0.484028 0.0265625 0.0319444 0.250031
2 0.395312 0.504167 0.0265625 0.05 0.293001
2 0.436328 0.540278 0.0273438 0.0361111 0.34787
2 0.521875 0.510417 0.025 0.0319444 0.408236
2 0.48125 0.50625 0.0234375 0.0347222 0.451137
2 0.546875 0.539583 0.0296875 0.0347222 0.49968
2 0.687109 0.55 0.0367187 0.0444444 0.693473
2 0.451953 0.585417 0.0382813 0.0541667 0.709381
2 0.575781 0.594444 0.040625 0.0611111 0.720999
2 0.384375 0.588889 0.034375 0.0555556 0.730439
2 0.830078 0.666667 0.0882813 0.0777778 0.762881
2 0.336328 0.821528 0.0789063 0.143056 0.772782
2 0.505859 0.559028 0.0320312 0.0486111 0.775485
2 0.660156 0.700694 0.071875 0.0986111 0.814881
2 0.473828 0.750694 0.0585938 0.115278 0.836294
2 0.370703 0.668056 0.0554687 0.0972222 0.840464
2 0.654688 0.9125 0.123438 0.175 0.86753
2 0.482812 0.910417 0.0921875 0.176389 0.882911
2 0.946875 0.702778 0.10625 0.0888889 0.888582
