2 0.509766 0.467361 0.0226563 0.0291667 0.266
2 0.402344 0.640972 0.03125 0.0763889 0.3413
2 0.494141 0.49375 0.0226563 0.0263889 0.380449
2 0.466016 0.452083 0.0210938 0.0263889 0.390453
2 0.716406 0.499306 0.0375 0.0430556 0.499083
2 0.795313 0.619444 0.071875 0.0722222 0.517293
2 0.457031 0.504861 0.0265625 0.0430556 0.517715
2 0.540234 0.497222 0.0257812 0.0361111 0.589752
2 0.51875 0.548611 0.03125 0.0472222 0.624515
7 0.335938 0.766667 0.129688 0.358333 0.629017
2 0.626562 0.614583 0.0515625 0.0819444 0.661267
2 0.468359 0.561111 0.0335938 0.05 0.669204
2 0.669922 0.675 0.0695312 0.1 0.731653
5 0.334766 0.763194 0.130469 0.370833 0.758116
2 0.591406 0.561111 0.0390625 0.05 0.769542
2 0.476953 0.626389 0.0414063 0.0666667 0.787485
2 0.588281 0.70625 0.0671875 0.104167 0.822082
2 0.545313 0.6 0.0453125 0.0833333 0.822626
2 0.783203 0.843056 0.122656 0.177778 0.858528
2 0.5 0.784722 0.0703125 0.138889 0.863171
