2 0.447656 0.504167 0.0328125 0.0472222 0.257567
2 0.789453 0.836806 0.122656 0.243056 0.323008
7 0.46875 0.600694 0.0546875 0.151389 0.327476
2 0.298438 0.941667 0.10625 0.111111 0.333149
2 0.641797 0.483333 0.0320312 0.0333333 0.353146
7 0.298828 0.940278 0.111719 0.116667 0.424204
2 0.512891 0.536111 0.0335938 0.0472222 0.452077
7 0.790625 0.838194 0.120312 0.234722 0.507428
2 0.468359 0.603472 0.0539063 0.145833 0.538267
2 0.585938 0.559028 0.0421875 0.0625 0.548004
2 0.716016 0.519444 0.0429688 0.0472222 0.569393
2 0.857813 0.622917 0.071875 0.0652778 0.68207
2 0.383594 0.686806 0.0625 0.118056 0.689537
2 0.682422 0.711111 0.0789063 0.119444 0.78643
5 0.385156 0.548611 0.0625 0.152778 0.79298
2 0.616406 0.610417 0.05625 0.0708333 0.793996
2 0.539062 0.604167 0.0453125 0.0638889 0.799556
2 0.494922 0.776389 0.0742188 0.147222 0.840638
2 0.631641 0.802778 0.0992187 0.172222 0.857827
