2 0.676953 0.557639 0.0273438 0.0319444 0.312898
2 0.394141 0.508333 0.0289063 0.0583333 0.403627
2 0.688672 0.507639 0.0335938 0.0375 0.426241
2 0.477734 0.495833 0.0273438 0.0416667 0.449129
2 0.437109 0.559722 0.0351562 0.0722222 0.517731
2 0.53125 0.516667 0.0296875 0.0388889 0.559857
2 0.325 0.81875 0.0875 0.165278 0.565184
7 0.323438 0.818056 0.0859375 0.169444 0.572009
2 0.648047 0.943056 0.113281 0.111111 0.64186
2 0.731641 0.784722 0.0992187 0.144444 0.660172
2 0.575 0.577083 0.0359375 0.0486111 0.677039
2 0.506641 0.545833 0.0351562 0.0583333 0.707008
2 0.605469 0.638889 0.0484375 0.075 0.727657
2 0.546094 0.660417 0.05625 0.0902778 0.826068
2 0.375781 0.615972 0.04375 0.0736111 0.838491
2 0.462109 0.713194 0.0570313 0.1125 0.854065
