2 0.491016 0.738194 0.0835937 0.265278 0.261187
2 0.505078 0.510417 0.0382813 0.0430556 0.274602
2 0.442969 0.472917 0.021875 0.0347222 0.275539
7 0.915625 0.935417 0.164062 0.120833 0.334223
2 0.911719 0.933333 0.164062 0.122222 0.369976
2 0.814453 0.530556 0.0445312 0.0416667 0.480624
7 0.492578 0.742361 0.0882813 0.2625 0.496757
2 0.607422 0.590972 0.0507812 0.0708333 0.532869
2 0.455469 0.516667 0.03125 0.0527778 0.545316
2 0.513672 0.46875 0.0195312 0.0291667 0.546589
2 0.491797 0.499306 0.0242187 0.0347222 0.549034
2 0.5625 0.525694 0.03125 0.0430556 0.686698
2 0.461719 0.558333 0.0359375 0.0583333 0.7175
2 0.513281 0.534722 0.03125 0.0555556 0.731389
2 0.641797 0.640278 0.0601562 0.0888889 0.757798
2 0.353516 0.867361 0.0960938 0.195833 0.777874
2 0.543359 0.602778 0.0445312 0.0638889 0.794985
2 0.717578 0.755556 0.0945313 0.144444 0.84246
5 0.369141 0.622917 0.0898438 0.223611 0.845205
2 0.594531 0.744444 0.0765625 0.125 0.869828
