2 0.696484 0.509722 0.0273438 0.0361111 0.25498
2 0.404687 0.495139 0.0234375 0.0430556 0.278721
2 0.521094 0.50625 0.0203125 0.0263889 0.332758
2 0.557422 0.529167 0.0320312 0.0444444 0.390172
7 0.358203 0.76875 0.0710938 0.131944 0.414826
2 0.401172 0.540278 0.0273438 0.0472222 0.532139
2 0.442578 0.50625 0.0210938 0.0347222 0.533922
2 0.611328 0.774306 0.0820312 0.156944 0.535107
2 0.501562 0.542361 0.0265625 0.0375 0.53806
2 0.358203 0.765278 0.0710938 0.136111 0.587076
7 0.611719 0.774306 0.0828125 0.156944 0.616274
2 0.580469 0.568056 0.0390625 0.0666667 0.631311
2 0.390234 0.603472 0.0367187 0.0597222 0.682955
2 0.527734 0.5875 0.0367187 0.0527778 0.723391
2 0.460156 0.571528 0.0359375 0.0597222 0.731863
2 0.678125 0.721528 0.0734375 0.0986111 0.789864
2 0.465234 0.681944 0.0539063 0.1 0.858274
