2 0.514844 0.636111 0.120312 0.0888889 0.287175
2 0.567578 0.521528 0.0320312 0.0486111 0.313717
2 0.677344 0.471528 0.03125 0.0319444 0.335634
2 0.287109 0.964583 0.0976562 0.0569444 0.357498
2 0.741797 0.765972 0.100781 0.184722 0.391076
7 0.464453 0.5375 0.0398437 0.102778 0.416421
7 0.742188 0.765972 0.1 0.179167 0.444023
2 0.598047 0.568056 0.0382813 0.0638889 0.453613
2 0.517578 0.5375 0.0320312 0.05 0.465435
2 0.400781 0.605556 0.0453125 0.0833333 0.561521
2 0.346094 0.775694 0.0765625 0.140278 0.56371
2 0.892187 0.94375 0.1625 0.106944 0.594132
2 0.730469 0.529167 0.046875 0.0472222 0.620554
5 0.399609 0.508333 0.0476562 0.116667 0.627641
2 0.653125 0.658333 0.065625 0.0972222 0.727732
2 0.563281 0.622917 0.05625 0.0875 0.735202
2 0.485547 0.640972 0.0523437 0.0875 0.762126
2 0.489062 0.804167 0.0703125 0.197222 0.766303
2 0.874219 0.654861 0.0921875 0.0819444 0.822049
2 0.597266 0.776389 0.0898438 0.155556 0.837829
2 0.966406 0.64375 0.0671875 0.0708333 0.852902
