2 0.511328 0.614583 0.110156 0.0763889 0.261242
2 0.564062 0.520139 0.034375 0.0430556 0.268767
5 0.726562 0.736806 0.101562 0.184722 0.323589
7 0.300781 0.929861 0.1125 0.129167 0.341094
9 0.980859 0.76875 0.0382813 0.0680556 0.343664
2 0.70625 0.488889 0.0359375 0.0416667 0.347347
7 0.728125 0.74375 0.09375 0.173611 0.360748
2 0.700391 0.949306 0.105469 0.0986111 0.364433
2 0.299609 0.93125 0.114844 0.129167 0.398463
2 0.513281 0.528472 0.0328125 0.0458333 0.416862
2 0.725391 0.7375 0.100781 0.180556 0.446076
5 0.300391 0.930556 0.117969 0.127778 0.461821
7 0.463672 0.525694 0.0367187 0.101389 0.491593
2 0.98125 0.768056 0.0375 0.0694444 0.49177
2 0.590234 0.560417 0.0398437 0.0597222 0.58065
5 0.402734 0.540972 0.0476562 0.181944 0.638157
2 0.355078 0.749306 0.0726563 0.126389 0.707934
2 0.647266 0.652083 0.0632813 0.0902778 0.746007
2 0.485938 0.754167 0.0625 0.15 0.78442
2 0.482422 0.622917 0.0445312 0.0791667 0.789703
2 0.785937 0.568056 0.059375 0.0611111 0.805073
2 0.580469 0.723611 0.075 0.130556 0.807408
2 0.553906 0.604167 0.05 0.075 0.807755
2 0.879297 0.935417 0.163281 0.123611 0.824681
