2 0.481641 0.484722 0.0210938 0.0305556 0.264259
2 0.703906 0.51875 0.040625 0.0402778 0.297878
5 0.845703 0.895139 0.146094 0.206944 0.334118
2 0.502734 0.457639 0.0195312 0.0291667 0.352435
2 0.500781 0.5125 0.028125 0.0444444 0.476829
2 0.844141 0.897222 0.147656 0.205556 0.516797
2 0.598828 0.579861 0.0476562 0.0708333 0.520564
2 0.548437 0.511111 0.0265625 0.0416667 0.532087
2 0.455859 0.538889 0.0320312 0.0527778 0.547976
2 0.479297 0.674306 0.0726563 0.195833 0.570862
2 0.721484 0.965278 0.111719 0.0666667 0.579952
2 0.529297 0.572222 0.0382813 0.0583333 0.590933
2 0.774219 0.533333 0.05 0.0472222 0.613505
2 0.771484 0.602083 0.0632813 0.0680556 0.633983
2 0.371094 0.773611 0.078125 0.15 0.739729
2 0.630469 0.631944 0.059375 0.0805556 0.759961
2 0.509375 0.936111 0.096875 0.119444 0.806596
5 0.376953 0.588194 0.0742188 0.193056 0.814659
2 0.564453 0.670833 0.0617188 0.0944444 0.829635
2 0.701563 0.7375 0.0890625 0.133333 0.837396
2 0.949609 0.600694 0.0742188 0.0569444 0.848416
