25 0.0175781 0.733333 0.0351562 0.1 0.272509
5 0.862109 0.559028 0.0617188 0.0902778 0.3823
7 0.507422 0.838194 0.110156 0.306944 0.423274
2 0.448828 0.488889 0.0226563 0.0305556 0.464038
2 0.616797 0.599306 0.0429688 0.0708333 0.47848
2 0.524609 0.478472 0.0226563 0.0319444 0.489854
7 0.333984 0.934028 0.105469 0.129167 0.531927
2 0.741016 0.493056 0.0351562 0.0333333 0.546057
2 0.460938 0.533333 0.0359375 0.0472222 0.571366
2 0.501953 0.515278 0.0257812 0.0388889 0.62156
2 0.525 0.556944 0.0359375 0.0722222 0.650707
2 0.575391 0.538889 0.0335938 0.0472222 0.666261
2 0.487891 0.659028 0.0523437 0.0625 0.727421
2 0.652734 0.652778 0.0601562 0.0916667 0.757166
2 0.557813 0.635417 0.05 0.0763889 0.790267
2 0.466797 0.582639 0.0367187 0.0569444 0.794286
5 0.358984 0.661111 0.100781 0.266667 0.818717
2 0.735156 0.775694 0.1 0.148611 0.864835
2 0.638672 0.852778 0.100781 0.172222 0.893788
