2 0.395703 0.503472 0.0273438 0.0458333 0.254228
2 0.519531 0.507639 0.0234375 0.0347222 0.275352
2 0.436328 0.536111 0.0257812 0.0361111 0.295867
2 0.480078 0.504167 0.0242187 0.0333333 0.414795
7 0.339063 0.816667 0.0765625 0.141667 0.445458
2 0.544141 0.534722 0.0304688 0.0388889 0.544213
2 0.504297 0.552778 0.0304688 0.0472222 0.627048
2 0.451172 0.581944 0.0367187 0.0527778 0.666416
2 0.695703 0.55625 0.0414063 0.0458333 0.693504
2 0.337109 0.813889 0.0773437 0.144444 0.717966
2 0.385938 0.584028 0.034375 0.0541667 0.74278
2 0.573047 0.5875 0.0414063 0.0611111 0.755003
2 0.857031 0.691667 0.0921875 0.1 0.757045
2 0.644141 0.899306 0.117969 0.198611 0.773815
2 0.652734 0.689583 0.0695312 0.0930556 0.789038
2 0.960156 0.721528 0.0796875 0.0902778 0.798709
2 0.472656 0.738889 0.05625 0.108333 0.817119
2 0.370703 0.661806 0.0539063 0.0986111 0.826794
2 0.482422 0.897917 0.0898438 0.184722 0.87463
