2 0.507422 0.494444 0.0289063 0.0361111 0.287765
2 0.745313 0.802778 0.1125 0.161111 0.350016
2 0.392578 0.513194 0.0289063 0.0597222 0.360977
2 0.477734 0.497222 0.0257812 0.0444444 0.424569
2 0.674219 0.502778 0.0328125 0.0333333 0.496794
7 0.746484 0.803472 0.111719 0.156944 0.502862
2 0.532812 0.51875 0.03125 0.0430556 0.537445
2 0.436328 0.566667 0.0367187 0.0722222 0.619643
2 0.575391 0.579167 0.0445312 0.0583333 0.628555
2 0.654688 0.961111 0.103125 0.075 0.679695
2 0.506641 0.549306 0.0351562 0.0597222 0.733311
2 0.609766 0.649306 0.0523437 0.0736111 0.757267
2 0.316406 0.832639 0.0953125 0.179167 0.77456
2 0.55 0.671528 0.059375 0.0986111 0.821379
2 0.374609 0.622917 0.0429688 0.0708333 0.829893
2 0.461719 0.729861 0.059375 0.126389 0.841641
