2 0.467969 0.592361 0.05 0.126389 0.275355
2 0.508984 0.529861 0.0304688 0.0430556 0.349109
2 0.725 0.504167 0.040625 0.0361111 0.361492
2 0.582812 0.553472 0.0375 0.0597222 0.410522
7 0.303906 0.916667 0.107813 0.161111 0.44365
2 0.664062 0.496528 0.0328125 0.0402778 0.456552
7 0.466797 0.584722 0.0523437 0.141667 0.482888
7 0.781641 0.828472 0.121094 0.218056 0.534491
2 0.897656 0.565278 0.034375 0.0583333 0.56004
2 0.304688 0.915278 0.110937 0.163889 0.670686
2 0.75 0.538889 0.0484375 0.05 0.673944
2 0.386328 0.669444 0.0632813 0.111111 0.686869
2 0.534766 0.589583 0.0414063 0.0625 0.778097
5 0.386328 0.540278 0.0585938 0.144444 0.789357
2 0.615234 0.604861 0.0507812 0.0708333 0.806087
2 0.492578 0.743056 0.0664062 0.125 0.832246
2 0.929297 0.66875 0.0992187 0.0902778 0.849771
2 0.612891 0.759722 0.0898438 0.147222 0.851937
2 0.679297 0.703472 0.0789063 0.118056 0.86209
