5 0.821094 0.347222 0.0546875 0.0333333 0.256462
2 0.465234 0.522917 0.0382813 0.0902778 0.269864
7 0.718359 0.73125 0.0976562 0.176389 0.282773
5 0.574219 0.328472 0.107813 0.0569444 0.34003
2 0.403906 0.590972 0.040625 0.0763889 0.437615
2 0.586719 0.552778 0.0390625 0.0666667 0.451759
2 0.511719 0.525694 0.0296875 0.0458333 0.464177
5 0.404297 0.529167 0.0445312 0.158333 0.469991
2 0.726172 0.502778 0.0351562 0.0388889 0.479269
2 0.720312 0.736806 0.09375 0.168056 0.520731
7 0.463281 0.525694 0.0359375 0.0930556 0.529722
7 0.307031 0.916667 0.115625 0.161111 0.546738
2 0.359766 0.730556 0.0695312 0.119444 0.623592
2 0.642187 0.646528 0.0609375 0.0847222 0.759997
2 0.549609 0.595833 0.0460938 0.075 0.768681
2 0.480859 0.613194 0.0445312 0.0708333 0.772114
2 0.483203 0.729167 0.0601562 0.152778 0.793312
2 0.870313 0.931944 0.15 0.130556 0.806374
2 0.823438 0.6 0.06875 0.0666667 0.815564
2 0.683984 0.921528 0.116406 0.156944 0.826818
2 0.572266 0.703472 0.0695312 0.115278 0.853237
