2 0.676562 0.492361 0.03125 0.0430556 0.257185
5 0.759375 0.790972 0.104687 0.195833 0.339315
9 0.675391 0.492361 0.0304688 0.0430556 0.34529
7 0.759375 0.792361 0.10625 0.195833 0.377836
7 0.464844 0.548611 0.04375 0.116667 0.446402
2 0.572266 0.531944 0.0335938 0.0527778 0.512663
2 0.604297 0.586806 0.0429688 0.0597222 0.541787
2 0.907812 0.959722 0.15625 0.0777778 0.564337
2 0.523438 0.552778 0.0359375 0.0555556 0.725598
2 0.394531 0.625694 0.0515625 0.0986111 0.730423
2 0.487109 0.66875 0.0570313 0.0986111 0.765369
5 0.394141 0.519444 0.0507812 0.130556 0.76634
2 0.496094 0.885417 0.084375 0.204167 0.780572
2 0.755859 0.5625 0.0523437 0.05 0.797617
2 0.901953 0.630556 0.0773437 0.0805556 0.799698
2 0.578906 0.666667 0.065625 0.102778 0.811098
2 0.329297 0.828472 0.0898438 0.168056 0.820673
2 0.663672 0.678472 0.0710938 0.104167 0.823897
2 0.636328 0.886111 0.117969 0.213889 0.868237
