2 0.476172 0.500694 0.0210938 0.0263889 0.25481
2 0.522266 0.505556 0.0210938 0.0388889 0.292997
2 0.296094 0.963889 0.104687 0.0638889 0.438174
2 0.682031 0.533333 0.0375 0.0388889 0.466761
2 0.447656 0.5375 0.028125 0.0361111 0.470219
2 0.397656 0.561111 0.0328125 0.0444444 0.563319
2 0.562891 0.555556 0.0320312 0.0472222 0.581289
2 0.837891 0.936111 0.142969 0.119444 0.584725
2 0.510938 0.563889 0.0328125 0.0444444 0.660551
2 0.451953 0.610417 0.0398437 0.0652778 0.727436
2 0.357812 0.761111 0.071875 0.136111 0.783461
2 0.467187 0.688889 0.0578125 0.102778 0.786663
2 0.38125 0.655556 0.04375 0.0805556 0.791451
2 0.817969 0.634722 0.0625 0.075 0.794024
2 0.601172 0.614583 0.0492188 0.0625 0.802613
2 0.552734 0.673611 0.0539063 0.0861111 0.823325
2 0.653516 0.724306 0.0757812 0.104167 0.847357
2 0.965234 0.731944 0.0695312 0.102778 0.861515
