2 0.584766 0.620833 0.110156 0.0666667 0.256449
2 0.733203 0.511806 0.0382813 0.0458333 0.303079
2 0.78125 0.575694 0.0484375 0.0569444 0.304817
2 0.569922 0.541667 0.0320312 0.0527778 0.352684
2 0.76875 0.511806 0.034375 0.0375 0.373147
7 0.459766 0.509722 0.0320312 0.0777778 0.416254
5 0.407031 0.527083 0.040625 0.148611 0.449683
2 0.763281 0.582639 0.0765625 0.0652778 0.497756
2 0.530078 0.559028 0.0382813 0.0541667 0.526547
7 0.682031 0.6875 0.075 0.144444 0.561794
2 0.476562 0.659722 0.0453125 0.113889 0.609237
2 0.344141 0.825 0.0929687 0.180556 0.711145
2 0.374219 0.678472 0.0546875 0.0930556 0.732477
2 0.546094 0.627083 0.0484375 0.0819444 0.768024
2 0.616016 0.615972 0.0492188 0.0708333 0.772027
2 0.602734 0.74375 0.0695312 0.123611 0.839181
2 0.828125 0.90625 0.140625 0.1875 0.839704
2 0.505078 0.90625 0.103906 0.184722 0.865833
