2 0.434375 0.494444 0.0265625 0.0305556 0.260268
2 0.608984 0.484028 0.0226563 0.0319444 0.287543
2 0.395703 0.503472 0.0273438 0.0541667 0.3073
2 0.436719 0.540278 0.028125 0.0416667 0.340308
2 0.523828 0.511806 0.0273438 0.0347222 0.378135
2 0.482422 0.507639 0.0242187 0.0347222 0.459691
2 0.548437 0.545139 0.03125 0.0347222 0.537725
2 0.804688 0.645139 0.0703125 0.0625 0.700728
2 0.452734 0.5875 0.0398437 0.0583333 0.7111
2 0.680859 0.545139 0.0351562 0.0458333 0.711297
2 0.576953 0.595833 0.0429688 0.0694444 0.725247
2 0.507422 0.561806 0.0335938 0.0486111 0.785769
2 0.334766 0.826389 0.0804688 0.144444 0.79073
2 0.383984 0.592361 0.0335938 0.0597222 0.791318
2 0.664062 0.707639 0.0734375 0.101389 0.81639
2 0.474609 0.759722 0.0601562 0.119444 0.823032
2 0.369922 0.671528 0.0554687 0.101389 0.858741
2 0.6625 0.920833 0.129688 0.155556 0.858799
2 0.483984 0.915972 0.0945313 0.1625 0.88601
2 0.926953 0.689583 0.103906 0.0875 0.889162
