2 0.516406 0.474306 0.025 0.0319444 0.280193
2 0.448047 0.478472 0.0195312 0.0291667 0.282442
25 0.0269531 0.739583 0.0539063 0.106944 0.291522
2 0.474219 0.464583 0.0203125 0.0263889 0.316201
7 0.306641 0.815278 0.164844 0.361111 0.325336
2 0.552344 0.597222 0.05625 0.0833333 0.353766
2 0.659375 0.472222 0.028125 0.0361111 0.387314
2 0.68125 0.695833 0.078125 0.105556 0.491287
2 0.505078 0.509028 0.0273438 0.0375 0.510946
7 0.681641 0.696528 0.0773437 0.106944 0.517228
5 0.303906 0.814583 0.165625 0.370833 0.547805
2 0.460547 0.520833 0.0257812 0.0444444 0.576367
2 0.635938 0.629861 0.05625 0.0847222 0.586907
2 0.548437 0.507639 0.025 0.0375 0.612631
2 0.391016 0.679861 0.0476562 0.0958333 0.622492
2 0.597266 0.572222 0.0398437 0.0583333 0.686406
2 0.529297 0.570139 0.0367187 0.0569444 0.710341
2 0.402734 0.59375 0.0335938 0.0458333 0.742849
2 0.473437 0.585417 0.0390625 0.0597222 0.779306
2 0.482031 0.665972 0.0484375 0.0875 0.794302
2 0.557813 0.632639 0.0515625 0.0958333 0.809103
2 0.610156 0.772222 0.0796875 0.122222 0.825595
2 0.512109 0.904861 0.0882813 0.184722 0.827696
2 0.840234 0.90625 0.147656 0.181944 0.828994
