9 0.863281 0.660417 0.0125 0.0625 0.262874
2 0.833984 0.64375 0.0835937 0.0791667 0.277574
2 0.496875 0.504861 0.0265625 0.0513889 0.296662
25 0.0304688 0.727778 0.0609375 0.125 0.353776
7 0.475 0.649306 0.06875 0.176389 0.370391
7 0.824219 0.881944 0.134375 0.219444 0.371338
2 0.542578 0.504861 0.0273438 0.0375 0.421113
2 0.453516 0.53125 0.0304688 0.0458333 0.444402
2 0.594141 0.576389 0.0445312 0.075 0.474561
5 0.474609 0.646528 0.0695312 0.179167 0.486557
2 0.823828 0.88125 0.138281 0.223611 0.55498
2 0.734766 0.540278 0.0507812 0.05 0.651456
2 0.524219 0.560417 0.034375 0.0597222 0.665656
2 0.628125 0.625 0.0546875 0.075 0.718882
2 0.375391 0.742361 0.0726563 0.140278 0.746573
2 0.555469 0.647917 0.053125 0.0847222 0.82833
2 0.695312 0.728472 0.084375 0.126389 0.830308
5 0.379687 0.572222 0.0703125 0.172222 0.831827
2 0.503516 0.903472 0.0929687 0.1875 0.849042
2 0.697656 0.920139 0.13125 0.151389 0.871312
