2 0.662109 0.463194 0.0242187 0.0263889 0.257469
7 0.529688 0.959722 0.151562 0.075 0.286878
9 0.714453 0.497222 0.0289063 0.0416667 0.292288
2 0.401953 0.64375 0.0320312 0.0819444 0.317351
2 0.466797 0.452083 0.0210938 0.0291667 0.328044
2 0.495313 0.49375 0.021875 0.0291667 0.346287
2 0.712109 0.495833 0.0335938 0.0416667 0.406709
7 0.333594 0.776389 0.13125 0.369444 0.445698
2 0.457031 0.505556 0.0265625 0.0416667 0.491955
2 0.780469 0.6125 0.0703125 0.0666667 0.528078
2 0.520312 0.550694 0.03125 0.0458333 0.537639
2 0.540625 0.497917 0.0265625 0.0347222 0.555462
2 0.628125 0.616667 0.05 0.0833333 0.579285
2 0.670703 0.675694 0.0710938 0.104167 0.628172
2 0.469141 0.563194 0.0351562 0.0513889 0.644321
2 0.592188 0.560417 0.0375 0.0513889 0.70284
2 0.477344 0.629167 0.0421875 0.075 0.735378
5 0.333594 0.770833 0.132812 0.380556 0.754344
2 0.589844 0.711806 0.0671875 0.104167 0.790786
2 0.545703 0.6 0.0460938 0.0833333 0.820436
2 0.7875 0.846528 0.123438 0.181944 0.827989
2 0.501953 0.791667 0.0695312 0.138889 0.852844
