2 0.7125 0.557639 0.0453125 0.0486111 0.310372
2 0.440625 0.466667 0.025 0.0361111 0.345086
2 0.669141 0.497222 0.0335938 0.0361111 0.357671
2 0.487109 0.492361 0.0210938 0.0319444 0.358424
7 0.885938 0.919444 0.159375 0.161111 0.463483
2 0.453516 0.511806 0.0320312 0.0458333 0.470993
2 0.510156 0.465972 0.0203125 0.0263889 0.476824
2 0.719141 0.500694 0.0367187 0.0430556 0.537343
2 0.508203 0.525 0.0289063 0.0583333 0.586968
2 0.485938 0.711806 0.075 0.226389 0.596552
2 0.604297 0.588889 0.0476562 0.0722222 0.602122
2 0.460156 0.552083 0.034375 0.0541667 0.68486
2 0.557422 0.517361 0.0320312 0.0486111 0.695393
2 0.5375 0.590278 0.040625 0.0638889 0.704476
2 0.6375 0.6375 0.059375 0.0861111 0.816314
2 0.362109 0.824306 0.0898438 0.176389 0.832466
2 0.580469 0.709028 0.071875 0.118056 0.854774
5 0.372266 0.607639 0.0851562 0.206944 0.856492
2 0.710156 0.747222 0.0890625 0.136111 0.865469
