2 0.667578 0.498611 0.0539063 0.0416667 0.297437
2 0.655469 0.504861 0.03125 0.0402778 0.315195
7 0.304297 0.965972 0.0992187 0.0625 0.322969
2 0.684375 0.490278 0.03125 0.0388889 0.337621
2 0.303516 0.966667 0.0960938 0.0638889 0.339211
7 0.408984 0.48125 0.0351562 0.101389 0.359855
2 0.539062 0.516667 0.025 0.0333333 0.365648
2 0.458594 0.535417 0.0296875 0.0541667 0.440117
2 0.489844 0.509028 0.025 0.0402778 0.495664
2 0.512109 0.540278 0.0289063 0.0472222 0.51316
2 0.573047 0.552778 0.0320312 0.0527778 0.556857
2 0.395312 0.615278 0.0421875 0.0777778 0.740194
2 0.503125 0.929167 0.110937 0.136111 0.777154
2 0.469922 0.604167 0.0414063 0.0722222 0.799604
2 0.964063 0.65625 0.071875 0.0763889 0.806253
2 0.360156 0.761111 0.0703125 0.119444 0.810091
2 0.637891 0.642361 0.0570313 0.0763889 0.822569
2 0.721484 0.774306 0.0976562 0.134722 0.847296
2 0.566016 0.671528 0.0585938 0.0847222 0.852682
2 0.472656 0.748611 0.0671875 0.125 0.865225
