7 0.445312 0.468056 0.0296875 0.0583333 0.253338
2 0.555078 0.531944 0.0273438 0.0388889 0.336376
2 0.718359 0.501389 0.0320312 0.0333333 0.380689
2 0.794922 0.557639 0.0492188 0.0486111 0.458127
7 0.409375 0.484722 0.034375 0.1 0.463096
2 0.502344 0.53125 0.03125 0.0430556 0.467168
2 0.326562 0.869444 0.096875 0.166667 0.497126
7 0.324609 0.868056 0.0945313 0.169444 0.534119
2 0.525 0.56875 0.0359375 0.0541667 0.545857
2 0.461328 0.558333 0.0304688 0.0583333 0.576062
2 0.594922 0.577083 0.0414063 0.0763889 0.632757
2 0.388672 0.640278 0.0492188 0.0972222 0.684896
2 0.476562 0.640972 0.05 0.0875 0.768644
2 0.603906 0.76875 0.08125 0.126389 0.810154
2 0.478906 0.875 0.0890625 0.186111 0.854883
2 0.673047 0.690972 0.0710938 0.0930556 0.860189
2 0.937109 0.688194 0.0960938 0.0819444 0.886445
2 0.794922 0.884722 0.135156 0.183333 0.890685
