2 0.487109 0.507639 0.0242187 0.0347222 0.277846
2 0.6875 0.975694 0.09375 0.0458333 0.307074
2 0.671875 0.515278 0.034375 0.0416667 0.307662
2 0.509375 0.536111 0.028125 0.0416667 0.308094
2 0.456641 0.529861 0.0273438 0.0513889 0.317313
2 0.705469 0.502778 0.0375 0.0416667 0.334857
2 0.708203 0.573611 0.0351562 0.0444444 0.359463
2 0.569531 0.545833 0.0296875 0.0555556 0.418486
2 0.838672 0.959028 0.141406 0.0763889 0.551803
2 0.310156 0.94375 0.10625 0.104167 0.691996
2 0.396875 0.609028 0.0421875 0.0763889 0.709671
2 0.468359 0.596528 0.0398437 0.0680556 0.802117
2 0.630859 0.634028 0.0539063 0.0736111 0.806382
2 0.558594 0.655556 0.0546875 0.0777778 0.817901
2 0.499219 0.907639 0.10625 0.179167 0.825869
2 0.364453 0.74375 0.0664062 0.1125 0.829484
2 0.705469 0.751389 0.0890625 0.122222 0.850316
2 0.470313 0.726389 0.0609375 0.111111 0.866285
