2 0.555078 0.547917 0.0335938 0.0513889 0.300751
2 0.442969 0.524306 0.0265625 0.0458333 0.35561
2 0.397266 0.548611 0.0320312 0.0472222 0.369901
2 0.70625 0.551389 0.0421875 0.0388889 0.411571
7 0.302344 0.935417 0.103125 0.118056 0.539971
2 0.503906 0.55 0.0296875 0.0444444 0.558582
2 0.502344 0.942361 0.0921875 0.106944 0.607166
2 0.359766 0.742361 0.0679687 0.129167 0.611342
2 0.448438 0.596528 0.034375 0.0569444 0.708496
2 0.795703 0.907639 0.133594 0.184722 0.714123
2 0.380469 0.64375 0.040625 0.0708333 0.753626
2 0.587891 0.601389 0.0460938 0.0555556 0.782757
2 0.634375 0.694444 0.06875 0.0944444 0.790506
2 0.462891 0.667361 0.0539063 0.0958333 0.796234
2 0.540625 0.646528 0.046875 0.0736111 0.816149
2 0.899609 0.690278 0.0882813 0.0972222 0.822254
