2 0.382422 0.461111 0.0226563 0.0361111 0.299709
2 0.469922 0.491667 0.0210938 0.0305556 0.305728
2 0.450781 0.592361 0.0375 0.0513889 0.370935
2 0.430078 0.500694 0.0304688 0.0458333 0.51983
2 0.665625 0.539583 0.040625 0.0402778 0.520091
2 0.523438 0.515972 0.025 0.0375 0.57382
2 0.695312 0.504861 0.040625 0.0430556 0.629775
2 0.571094 0.569444 0.0390625 0.0555556 0.710182
2 0.873828 0.953472 0.138281 0.0930556 0.717283
2 0.376563 0.565278 0.0390625 0.0638889 0.722963
2 0.351953 0.686111 0.0554687 0.0944444 0.795053
2 0.455078 0.655556 0.0523437 0.0833333 0.796242
2 0.677734 0.736806 0.0882813 0.118056 0.801886
2 0.319531 0.897917 0.103125 0.195833 0.833781
2 0.771875 0.579167 0.059375 0.0583333 0.848257
2 0.531641 0.636806 0.0554687 0.0875 0.849469
2 0.662109 0.899306 0.138281 0.201389 0.872808
