2 0.371875 0.513889 0.028125 0.0333333 0.342332
2 0.526953 0.521528 0.0320312 0.0347222 0.364033
2 0.459375 0.490278 0.0234375 0.0305556 0.401692
2 0.667969 0.966667 0.103125 0.0666667 0.486064
2 0.419922 0.491667 0.0242187 0.0388889 0.501235
2 0.730078 0.590972 0.0445312 0.0569444 0.549206
2 0.562109 0.573611 0.0476562 0.0611111 0.590484
2 0.439844 0.609028 0.0453125 0.0791667 0.633517
2 0.639063 0.68125 0.0703125 0.0930556 0.664153
2 0.6875 0.524306 0.04375 0.0513889 0.677566
2 0.487891 0.535417 0.0351562 0.0486111 0.677778
2 0.375391 0.575694 0.0351562 0.0569444 0.716707
2 0.4375 0.692361 0.0578125 0.1125 0.796184
2 0.333203 0.742361 0.0679687 0.123611 0.807398
2 0.531641 0.636806 0.0554687 0.0930556 0.819205
2 0.745313 0.877778 0.1125 0.186111 0.838591
2 0.895703 0.669444 0.0898438 0.0805556 0.867752
