2 0.515625 0.473611 0.0234375 0.0277778 0.278382
2 0.448047 0.477778 0.0195312 0.025 0.280795
25 0.025 0.74375 0.05 0.109722 0.28508
2 0.473047 0.461806 0.0226563 0.0291667 0.29514
7 0.312109 0.801389 0.164844 0.386111 0.421083
2 0.706641 0.559028 0.0445312 0.0430556 0.458213
7 0.678906 0.692361 0.0765625 0.104167 0.499647
2 0.502344 0.507639 0.025 0.0347222 0.52444
2 0.396094 0.670833 0.04375 0.0916667 0.524802
2 0.633984 0.625694 0.0585938 0.0847222 0.537036
2 0.678906 0.692361 0.0734375 0.106944 0.55796
2 0.547266 0.505556 0.0242187 0.0388889 0.56528
5 0.308594 0.802778 0.167187 0.386111 0.586228
2 0.460156 0.519444 0.025 0.0416667 0.595809
2 0.403125 0.591667 0.034375 0.0444444 0.603248
2 0.828125 0.898611 0.14375 0.2 0.620878
2 0.596875 0.570833 0.0390625 0.0583333 0.659022
2 0.472656 0.580556 0.0390625 0.0583333 0.674562
2 0.526953 0.567361 0.0382813 0.0569444 0.696902
2 0.48125 0.65625 0.0484375 0.0875 0.7613
2 0.555469 0.624306 0.0515625 0.0902778 0.816749
2 0.605469 0.758333 0.0765625 0.122222 0.848005
2 0.508984 0.875694 0.0835937 0.176389 0.854636
