2 0.392969 0.593056 0.0359375 0.0555556 0.264306
2 0.503125 0.522917 0.0328125 0.0458333 0.276611
2 0.410156 0.527778 0.03125 0.05 0.2841
2 0.497656 0.500694 0.028125 0.0319444 0.31163
7 0.408594 0.495139 0.0328125 0.106944 0.314605
2 0.45625 0.513194 0.0265625 0.0375 0.317736
2 0.524609 0.552083 0.0445312 0.0513889 0.341843
2 0.524609 0.494444 0.0226563 0.0277778 0.353318
7 0.305469 0.913194 0.114063 0.170833 0.447281
2 0.5625 0.539583 0.03125 0.0402778 0.505856
2 0.507031 0.538194 0.03125 0.0486111 0.534467
2 0.462891 0.568056 0.0320312 0.0722222 0.58097
2 0.955859 0.765972 0.0867188 0.115278 0.605072
2 0.602734 0.593056 0.0429688 0.0722222 0.660798
2 0.750781 0.529861 0.040625 0.0486111 0.665536
2 0.530859 0.581944 0.0351562 0.0583333 0.676305
2 0.848437 0.624306 0.071875 0.0569444 0.724398
2 0.306641 0.911111 0.114844 0.169444 0.733755
2 0.385547 0.652778 0.0539063 0.102778 0.757457
2 0.628516 0.834722 0.0960938 0.155556 0.830597
2 0.479297 0.658333 0.0523437 0.0944444 0.841108
2 0.691797 0.715972 0.0773437 0.101389 0.867649
2 0.483594 0.921528 0.103125 0.151389 0.873993
2 0.829297 0.914583 0.155469 0.170833 0.904841
