2 0.751172 0.536806 0.0398437 0.0402778 0.277607
2 0.502344 0.53125 0.0265625 0.0375 0.290087
2 0.778125 0.628472 0.0546875 0.0541667 0.365063
2 0.559375 0.5375 0.0296875 0.05 0.402709
2 0.464844 0.582639 0.0359375 0.0625 0.660526
2 0.708594 0.540972 0.04375 0.0430556 0.674703
2 0.659375 0.509722 0.0359375 0.0472222 0.699936
2 0.614453 0.613889 0.0492188 0.0666667 0.756403
2 0.546094 0.627083 0.046875 0.0680556 0.757099
2 0.398438 0.601389 0.0390625 0.0666667 0.762319
2 0.374219 0.716667 0.059375 0.1 0.832183
2 0.796094 0.920833 0.151562 0.155556 0.838371
2 0.492969 0.859028 0.090625 0.1875 0.845185
2 0.677734 0.714583 0.0757812 0.101389 0.853225
2 0.467578 0.696528 0.0570313 0.0958333 0.857573
2 0.326172 0.909028 0.103906 0.173611 0.867874
2 0.965234 0.625 0.0695312 0.0611111 0.877006
2 0.653516 0.915278 0.113281 0.166667 0.894876
