2 0.491406 0.467361 0.0234375 0.0319444 0.277966
2 0.462891 0.482639 0.0226563 0.0263889 0.348743
2 0.512109 0.500694 0.0242187 0.0347222 0.445661
2 0.722266 0.579167 0.0554687 0.0555556 0.496717
2 0.446875 0.559722 0.03125 0.05 0.509052
2 0.425391 0.488889 0.0257812 0.0388889 0.630756
2 0.744922 0.53125 0.0460938 0.0458333 0.654969
2 0.55625 0.546528 0.0359375 0.0513889 0.682877
2 0.804688 0.897917 0.151562 0.201389 0.71095
2 0.379687 0.54375 0.0359375 0.0541667 0.720283
2 0.448828 0.618056 0.0429688 0.0694444 0.750327
2 0.642578 0.682639 0.0726563 0.0958333 0.797694
2 0.333594 0.822222 0.0828125 0.183333 0.80941
2 0.611719 0.804861 0.103125 0.181944 0.856262
2 0.517969 0.602083 0.046875 0.0708333 0.858904
2 0.869531 0.638194 0.0671875 0.0791667 0.862441
2 0.355859 0.654861 0.0492188 0.0819444 0.864294
