2 0.562891 0.522222 0.0382813 0.0472222 0.294685
2 0.464844 0.523611 0.0375 0.0916667 0.298563
2 0.403516 0.590278 0.0414063 0.0777778 0.349581
7 0.722266 0.738889 0.0914062 0.161111 0.360152
5 0.303516 0.920833 0.117969 0.155556 0.400585
7 0.303516 0.919444 0.116406 0.152778 0.420041
2 0.304297 0.915972 0.117969 0.151389 0.45347
2 0.720703 0.5 0.0367187 0.0416667 0.515116
2 0.587891 0.554861 0.0398437 0.0652778 0.519302
2 0.722266 0.738889 0.0914062 0.166667 0.534162
7 0.463281 0.525694 0.0359375 0.0930556 0.5426
2 0.5125 0.526389 0.03125 0.0472222 0.546989
5 0.403906 0.534028 0.0453125 0.168056 0.561377
2 0.480859 0.613889 0.0445312 0.075 0.72521
2 0.358203 0.735417 0.0695312 0.118056 0.747653
2 0.485156 0.735417 0.059375 0.148611 0.753174
2 0.64375 0.647222 0.0609375 0.0861111 0.792239
2 0.688672 0.927778 0.114844 0.141667 0.796603
2 0.550391 0.597222 0.0476562 0.0777778 0.809197
2 0.871875 0.934028 0.151562 0.129167 0.82673
2 0.813672 0.590972 0.0648438 0.0625 0.834245
2 0.574219 0.708333 0.0703125 0.116667 0.846585
