2 0.300781 0.975694 0.0859375 0.0430556 0.253435
2 0.585938 0.692361 0.065625 0.156944 0.283033
2 0.466016 0.477083 0.0226563 0.0236111 0.283791
2 0.520703 0.502778 0.0242187 0.0361111 0.296667
2 0.6375 0.473611 0.03125 0.0333333 0.358222
2 0.546094 0.543056 0.0328125 0.05 0.517315
2 0.485938 0.5125 0.0234375 0.0416667 0.548908
7 0.567969 0.720139 0.071875 0.118056 0.568065
2 0.386328 0.541667 0.0304688 0.0444444 0.591864
2 0.568359 0.719444 0.0710938 0.116667 0.61595
2 0.775 0.88125 0.13125 0.181944 0.642626
2 0.842969 0.677083 0.0796875 0.0847222 0.669686
2 0.439844 0.533333 0.034375 0.0444444 0.705514
2 0.460938 0.648611 0.040625 0.0722222 0.720403
2 0.346484 0.746528 0.0648438 0.115278 0.74081
2 0.376563 0.609722 0.0453125 0.0805556 0.779562
2 0.680859 0.518056 0.0382813 0.0444444 0.805535
2 0.466797 0.738889 0.0617188 0.105556 0.808435
2 0.602344 0.616667 0.053125 0.0694444 0.815753
