2 0.451172 0.514583 0.0242187 0.0486111 0.25888
2 0.554297 0.534722 0.0273438 0.0416667 0.351366
2 0.78125 0.553472 0.046875 0.0486111 0.560845
2 0.675391 0.519444 0.0367187 0.0444444 0.567488
2 0.4625 0.576389 0.034375 0.0527778 0.633186
2 0.331641 0.890972 0.100781 0.201389 0.662964
2 0.399219 0.595139 0.0375 0.0625 0.703488
2 0.541797 0.617361 0.0445312 0.0625 0.76272
2 0.606641 0.605556 0.0445312 0.0611111 0.785047
2 0.730469 0.557639 0.04375 0.0458333 0.792086
2 0.487891 0.81875 0.0851562 0.173611 0.804164
2 0.378125 0.70625 0.053125 0.0958333 0.805785
2 0.769141 0.902083 0.135156 0.190278 0.814333
2 0.664844 0.695833 0.071875 0.0916667 0.821052
2 0.464844 0.679861 0.0515625 0.0902778 0.848936
2 0.630078 0.870833 0.102344 0.172222 0.875895
