2 0.403906 0.497222 0.025 0.0444444 0.259035
2 0.470313 0.470833 0.01875 0.0305556 0.272018
2 0.487109 0.508333 0.0210938 0.0361111 0.345632
2 0.523047 0.509028 0.0195312 0.0291667 0.362489
2 0.559766 0.534722 0.0320312 0.0388889 0.407405
2 0.684375 0.504167 0.0296875 0.0333333 0.414524
7 0.623047 0.798611 0.0898438 0.163889 0.466298
2 0.401563 0.541667 0.028125 0.0527778 0.50867
2 0.443359 0.509722 0.0210938 0.0361111 0.518051
2 0.503125 0.547917 0.0265625 0.0402778 0.520154
2 0.623438 0.798611 0.0890625 0.163889 0.556009
2 0.389453 0.608333 0.0398437 0.0583333 0.697983
2 0.354688 0.780556 0.075 0.147222 0.713136
2 0.460938 0.577778 0.034375 0.0611111 0.723867
2 0.583984 0.570833 0.0398437 0.0666667 0.729619
2 0.530078 0.59375 0.0367187 0.0569444 0.765866
2 0.6875 0.732639 0.0734375 0.101389 0.778036
2 0.467187 0.697917 0.05625 0.106944 0.828343
