2 0.498828 0.506944 0.0289063 0.0472222 0.26151
2 0.6875 0.554861 0.0421875 0.0430556 0.308425
2 0.407813 0.495833 0.021875 0.0333333 0.331405
2 0.551562 0.530556 0.025 0.0305556 0.446344
2 0.332031 0.848611 0.0875 0.161111 0.517615
7 0.330859 0.852778 0.0851562 0.161111 0.54934
2 0.441797 0.511806 0.0273438 0.0486111 0.560455
2 0.571875 0.570139 0.0296875 0.0430556 0.60038
2 0.400391 0.552778 0.0320312 0.05 0.630152
2 0.757031 0.569444 0.0484375 0.05 0.653023
2 0.521484 0.569444 0.0367187 0.0555556 0.66818
5 0.566016 0.334028 0.136719 0.0652778 0.704262
2 0.985156 0.686806 0.0296875 0.0513889 0.709834
2 0.462891 0.588889 0.0351562 0.0638889 0.724103
2 0.374219 0.665278 0.0515625 0.0972222 0.757458
2 0.633984 0.630556 0.0554687 0.0777778 0.779077
2 0.707031 0.752083 0.101562 0.143056 0.833035
2 0.560547 0.693056 0.0617188 0.0972222 0.840343
2 0.671094 0.911806 0.123438 0.176389 0.863195
2 0.480859 0.828472 0.0789063 0.159722 0.867869
