2 0.432031 0.495139 0.021875 0.0291667 0.284424
7 0.670703 0.939583 0.122656 0.120833 0.312379
2 0.439063 0.541667 0.03125 0.0416667 0.343511
2 0.525781 0.516667 0.0265625 0.0333333 0.451083
2 0.484375 0.5125 0.025 0.0333333 0.56145
2 0.671094 0.939583 0.128125 0.120833 0.615482
2 0.332031 0.840278 0.0828125 0.15 0.658198
2 0.672656 0.721528 0.0765625 0.1125 0.68165
2 0.669141 0.535417 0.0351562 0.0402778 0.685101
2 0.552734 0.549306 0.0304688 0.0402778 0.68538
2 0.509766 0.567361 0.0335938 0.0513889 0.737964
2 0.475391 0.777083 0.0648438 0.126389 0.743976
2 0.451953 0.593056 0.0382813 0.0666667 0.765789
2 0.581641 0.607639 0.0429688 0.0625 0.770641
2 0.383203 0.597222 0.0351562 0.0583333 0.791745
2 0.486328 0.93125 0.100781 0.118056 0.795161
2 0.776563 0.627778 0.071875 0.0694444 0.806825
2 0.891797 0.6625 0.0789063 0.075 0.824712
2 0.368359 0.678472 0.0554687 0.104167 0.848881
