2 0.332422 0.785417 0.0773437 0.156944 0.269419
2 0.452734 0.458333 0.0226563 0.0305556 0.277329
2 0.477344 0.494444 0.028125 0.0361111 0.45033
2 0.396875 0.516667 0.0265625 0.0388889 0.502796
2 0.528125 0.513889 0.0265625 0.0361111 0.507106
7 0.332031 0.789583 0.0765625 0.156944 0.561506
5 0.792969 0.34375 0.125 0.0652778 0.56949
2 0.571094 0.570833 0.0359375 0.0527778 0.585684
2 0.437891 0.55625 0.0335938 0.0652778 0.597755
2 0.600781 0.629861 0.0421875 0.0625 0.663388
2 0.506641 0.543056 0.0335938 0.0527778 0.700738
2 0.871875 0.953472 0.1375 0.0902778 0.743131
2 0.714844 0.757639 0.0953125 0.1375 0.753046
2 0.541406 0.644444 0.0546875 0.0861111 0.815179
2 0.380078 0.606944 0.0398437 0.0666667 0.857079
2 0.4625 0.69375 0.0546875 0.0986111 0.857181
2 0.637109 0.919444 0.116406 0.161111 0.87731
