25 0.0191406 0.732639 0.0367187 0.0458333 0.282829
2 0.408594 0.511806 0.021875 0.0375 0.31135
2 0.910156 0.625 0.05 0.05 0.324742
2 0.534766 0.520139 0.0210938 0.0319444 0.340671
25 0.0285156 0.761806 0.0570313 0.1125 0.342953
2 0.449219 0.520139 0.025 0.0402778 0.396014
2 0.497266 0.51875 0.0257812 0.0402778 0.459023
2 0.571875 0.552778 0.0328125 0.0444444 0.504695
2 0.896484 0.670833 0.0710938 0.0805556 0.586871
2 0.514844 0.565972 0.0296875 0.0486111 0.619249
2 0.399219 0.564583 0.0328125 0.0569444 0.629207
2 0.383984 0.647222 0.0429688 0.075 0.681146
2 0.602344 0.597222 0.046875 0.0777778 0.711377
2 0.332422 0.868056 0.0960938 0.188889 0.729669
2 0.747656 0.824306 0.101562 0.143056 0.751729
2 0.548047 0.629167 0.0460938 0.075 0.767502
2 0.467578 0.611806 0.0398437 0.0652778 0.774432
2 0.474219 0.770833 0.0734375 0.15 0.823622
2 0.692187 0.915972 0.120312 0.159722 0.883536
