2 0.396484 0.538194 0.0289063 0.0458333 0.333188
2 0.50625 0.49375 0.021875 0.0347222 0.345035
7 0.309766 0.920139 0.100781 0.159722 0.351378
2 0.439063 0.515278 0.0234375 0.0388889 0.380154
2 0.547266 0.538889 0.0273438 0.0361111 0.479504
2 0.445703 0.58125 0.0335938 0.0541667 0.488829
2 0.497266 0.540278 0.0289063 0.0361111 0.616656
2 0.310937 0.918056 0.10625 0.163889 0.640214
2 0.963281 0.765972 0.0734375 0.118056 0.670189
2 0.735937 0.569444 0.05 0.0444444 0.68947
2 0.578516 0.585417 0.0398437 0.0541667 0.712388
2 0.380859 0.632639 0.0382813 0.0708333 0.735657
2 0.757422 0.852083 0.117969 0.159722 0.779427
2 0.530859 0.625 0.0429688 0.0694444 0.794886
2 0.460156 0.647222 0.05 0.0861111 0.797323
2 0.61875 0.670833 0.0625 0.0861111 0.825747
2 0.360547 0.726389 0.0648438 0.119444 0.829264
2 0.493359 0.9125 0.0835937 0.163889 0.844439
