7 0.408594 0.488889 0.034375 0.0694444 0.259081
2 0.461328 0.535417 0.0273438 0.0347222 0.282274
2 0.541406 0.507639 0.028125 0.0402778 0.335727
2 0.506641 0.513889 0.0289063 0.0388889 0.359469
2 0.702734 0.979861 0.100781 0.0402778 0.364725
2 0.674219 0.484028 0.0296875 0.0291667 0.380373
2 0.409766 0.541667 0.0335938 0.0583333 0.508429
2 0.582422 0.560417 0.0367187 0.0541667 0.568284
2 0.520703 0.560417 0.0367187 0.0569444 0.686995
2 0.894141 0.961111 0.163281 0.075 0.689827
2 0.713672 0.529167 0.0382813 0.0416667 0.694348
2 0.389062 0.61875 0.0421875 0.0652778 0.721524
2 0.939844 0.620833 0.075 0.0833333 0.721899
2 0.630469 0.622917 0.0546875 0.0902778 0.725835
2 0.756641 0.590972 0.0601562 0.0625 0.740503
2 0.552734 0.621528 0.0445312 0.0708333 0.760828
2 0.871484 0.631944 0.0789063 0.0694444 0.762384
2 0.468359 0.595833 0.0351562 0.0833333 0.763222
2 0.371875 0.704167 0.0625 0.119444 0.810553
2 0.745703 0.788889 0.100781 0.141667 0.840518
2 0.485938 0.717361 0.065625 0.131944 0.845678
