2 0.525391 0.495833 0.0226563 0.0305556 0.29475
7 0.303125 0.916667 0.1125 0.163889 0.315503
2 0.455469 0.515278 0.028125 0.0388889 0.324173
7 0.408203 0.495833 0.0335938 0.105556 0.329028
2 0.522656 0.547917 0.046875 0.0513889 0.329179
2 0.562891 0.539583 0.0320312 0.0430556 0.336419
2 0.507422 0.538194 0.0320312 0.0486111 0.488305
2 0.463672 0.573611 0.0304688 0.0638889 0.513136
2 0.603906 0.593056 0.04375 0.0777778 0.616601
2 0.744531 0.525694 0.0421875 0.0458333 0.617
2 0.833203 0.615278 0.0617188 0.0583333 0.67878
2 0.532812 0.583333 0.034375 0.0583333 0.690645
2 0.383984 0.661111 0.0539063 0.0972222 0.724766
2 0.305469 0.913889 0.114063 0.163889 0.740613
2 0.633984 0.845139 0.0992187 0.1625 0.78842
2 0.947656 0.754861 0.103125 0.123611 0.814309
2 0.479297 0.660417 0.0523437 0.0958333 0.827912
2 0.694141 0.719444 0.0789063 0.102778 0.8464
2 0.484375 0.927778 0.107813 0.138889 0.869752
2 0.832422 0.918056 0.157031 0.161111 0.890155
