7 0.465234 0.547917 0.0429688 0.109722 0.262065
25 0.0136719 0.722917 0.0273438 0.0736111 0.282057
2 0.464844 0.550694 0.04375 0.115278 0.315283
7 0.757812 0.786806 0.101562 0.198611 0.382096
5 0.464844 0.547917 0.04375 0.115278 0.428268
2 0.680078 0.494444 0.0367187 0.0444444 0.453647
2 0.571875 0.530556 0.0328125 0.0527778 0.494209
2 0.603906 0.586806 0.0390625 0.0541667 0.52898
2 0.903516 0.957639 0.150781 0.0847222 0.550292
2 0.523438 0.55 0.0359375 0.0583333 0.640086
2 0.395312 0.623611 0.05 0.0944444 0.6998
2 0.495313 0.884028 0.0859375 0.220833 0.761509
2 0.486328 0.663889 0.0570313 0.102778 0.77633
2 0.765234 0.56875 0.0554687 0.0541667 0.776397
2 0.331641 0.822222 0.0882813 0.166667 0.79485
5 0.394922 0.520139 0.0507812 0.131944 0.794902
2 0.577734 0.661806 0.0617188 0.101389 0.799764
2 0.662891 0.676389 0.0710938 0.102778 0.820952
2 0.913672 0.638194 0.0882813 0.0819444 0.881083
2 0.630469 0.877083 0.114063 0.218056 0.884755
