2 0.578516 0.556944 0.0476562 0.0638889 0.258451
7 0.73125 0.742361 0.0921875 0.179167 0.264725
2 0.464453 0.527778 0.0382813 0.0972222 0.265365
2 0.564844 0.520139 0.034375 0.0486111 0.326146
2 0.728906 0.738889 0.101562 0.194444 0.373342
2 0.513672 0.530556 0.0320312 0.0472222 0.432086
5 0.73125 0.744444 0.0953125 0.183333 0.442518
7 0.464453 0.529861 0.0398437 0.0986111 0.466198
2 0.708594 0.959722 0.0953125 0.0722222 0.487861
2 0.700391 0.484722 0.0335938 0.0388889 0.508562
2 0.593359 0.563194 0.0351562 0.0597222 0.528297
5 0.401563 0.513889 0.0453125 0.130556 0.556181
2 0.403125 0.599306 0.0453125 0.0791667 0.58482
2 0.3 0.935417 0.110937 0.1125 0.623744
2 0.353906 0.753472 0.075 0.129167 0.778017
2 0.485938 0.759028 0.0640625 0.1625 0.78458
2 0.771484 0.559722 0.0554687 0.0583333 0.789829
2 0.482812 0.624306 0.046875 0.0819444 0.790447
2 0.9625 0.75 0.075 0.1 0.792869
2 0.649609 0.652083 0.0617188 0.0930556 0.79352
2 0.555078 0.611111 0.0507812 0.0777778 0.79385
2 0.881641 0.936806 0.163281 0.123611 0.806132
2 0.582422 0.735417 0.0757812 0.1375 0.810432
