2 0.609766 0.672222 0.0882813 0.147222 0.275361
2 0.382812 0.484722 0.0234375 0.0555556 0.369186
2 0.482422 0.472222 0.0257812 0.0305556 0.371336
2 0.414453 0.460417 0.0242187 0.0236111 0.413589
7 0.290625 0.928472 0.10625 0.1375 0.418557
2 0.512891 0.5 0.0273438 0.0333333 0.479337
2 0.291797 0.929861 0.105469 0.1375 0.508967
2 0.559766 0.565278 0.0382813 0.0555556 0.531282
2 0.482031 0.525 0.03125 0.0416667 0.574543
2 0.433594 0.522222 0.03125 0.0555556 0.723392
2 0.682031 0.520139 0.0375 0.0402778 0.727967
2 0.371484 0.554167 0.0320312 0.05 0.764929
2 0.764844 0.536111 0.05625 0.0527778 0.770889
2 0.519922 0.597222 0.0476562 0.0722222 0.788141
2 0.457422 0.734722 0.0632813 0.125 0.794609
2 0.453125 0.888889 0.0953125 0.216667 0.821121
2 0.370313 0.647222 0.046875 0.0861111 0.828294
2 0.619531 0.647917 0.0640625 0.0875 0.841129
2 0.776953 0.876389 0.133594 0.183333 0.856874
2 0.603516 0.806944 0.102344 0.197222 0.871297
