2 0.441797 0.470139 0.0242187 0.0375 0.266012
7 0.900781 0.928472 0.1625 0.140278 0.375361
2 0.700391 0.490972 0.0351562 0.0430556 0.376174
2 0.489453 0.497222 0.0226563 0.0333333 0.391394
7 0.488672 0.730556 0.0804688 0.252778 0.400705
25 0.0230469 0.729167 0.0445312 0.102778 0.445427
5 0.9 0.928472 0.164062 0.140278 0.48969
2 0.511719 0.467361 0.0203125 0.0291667 0.497288
2 0.455078 0.515972 0.0320312 0.0513889 0.501336
2 0.60625 0.588889 0.05 0.0722222 0.542444
2 0.510547 0.53125 0.0304688 0.0513889 0.555941
2 0.460938 0.555556 0.0359375 0.0527778 0.604526
2 0.560156 0.520833 0.0296875 0.0472222 0.64602
2 0.358203 0.849306 0.0914062 0.190278 0.736956
2 0.541406 0.596528 0.0421875 0.0680556 0.753787
2 0.713672 0.750694 0.0898438 0.140278 0.755497
2 0.639063 0.640278 0.059375 0.0833333 0.786657
5 0.371484 0.615972 0.0851562 0.215278 0.848777
2 0.586719 0.727083 0.071875 0.120833 0.862956
