2 0.407422 0.498611 0.0226563 0.0305556 0.333586
2 0.555469 0.5375 0.0296875 0.0333333 0.33931
2 0.713672 0.541667 0.0429688 0.0388889 0.367116
2 0.501172 0.5125 0.0273438 0.0444444 0.38943
7 0.735156 0.79375 0.110937 0.170833 0.419016
2 0.441406 0.517361 0.028125 0.0541667 0.427722
2 0.920313 0.747222 0.09375 0.105556 0.532466
2 0.736328 0.79375 0.110156 0.170833 0.546112
2 0.577344 0.581944 0.03125 0.0472222 0.573997
2 0.647656 0.648611 0.0609375 0.0888889 0.577644
2 0.397266 0.563194 0.0335938 0.0541667 0.58413
2 0.699609 0.955556 0.111719 0.0833333 0.630229
5 0.623438 0.3375 0.14375 0.0666667 0.682551
2 0.316797 0.905556 0.0945313 0.180556 0.691863
2 0.525 0.583333 0.0390625 0.0611111 0.70798
2 0.4625 0.607639 0.040625 0.0708333 0.749451
2 0.366797 0.688194 0.0570313 0.106944 0.772985
2 0.571484 0.726389 0.0710938 0.119444 0.824303
2 0.911328 0.630556 0.0789063 0.0638889 0.824753
2 0.483984 0.897222 0.0914062 0.191667 0.846154
