2 0.502344 0.511111 0.028125 0.0333333 0.259021
2 0.910547 0.972222 0.133594 0.0527778 0.319725
7 0.465625 0.563194 0.0484375 0.123611 0.330398
2 0.654688 0.481944 0.0328125 0.0416667 0.367171
2 0.576563 0.538194 0.0359375 0.0569444 0.380935
7 0.765234 0.805556 0.111719 0.2 0.397464
2 0.765234 0.804167 0.111719 0.202778 0.404183
5 0.465625 0.559722 0.046875 0.119444 0.435133
2 0.801953 0.548611 0.0414063 0.0416667 0.474369
2 0.990234 0.628472 0.0195312 0.0541667 0.508206
2 0.498828 0.918056 0.0867188 0.161111 0.560565
2 0.323438 0.863194 0.0953125 0.181944 0.601062
2 0.842188 0.592361 0.075 0.0736111 0.610238
2 0.391406 0.638889 0.053125 0.1 0.66479
2 0.607422 0.5875 0.0445312 0.0666667 0.701661
2 0.721484 0.5375 0.0460938 0.0444444 0.747402
2 0.526953 0.563194 0.0382813 0.0541667 0.773312
5 0.391797 0.525 0.0523437 0.133333 0.782345
2 0.488672 0.688889 0.0585938 0.105556 0.834684
2 0.66875 0.685417 0.075 0.106944 0.842873
2 0.654297 0.9125 0.128906 0.161111 0.844469
2 0.5875 0.690972 0.0734375 0.115278 0.855519
