25 0.0203125 0.753472 0.0390625 0.106944 0.301983
2 0.552344 0.531944 0.0265625 0.0305556 0.305497
2 0.441406 0.511806 0.0296875 0.0597222 0.311472
2 0.974219 0.795139 0.0515625 0.0486111 0.311738
2 0.408203 0.495833 0.0226563 0.0333333 0.356237
2 0.572656 0.570139 0.03125 0.0458333 0.564012
2 0.399609 0.554861 0.0335938 0.0486111 0.589991
2 0.522266 0.570833 0.0367187 0.0555556 0.604426
2 0.327344 0.865972 0.090625 0.168056 0.635812
5 0.579687 0.333333 0.139062 0.0611111 0.656173
2 0.636719 0.634722 0.059375 0.0833333 0.666026
2 0.745703 0.561111 0.0476562 0.0444444 0.728498
2 0.371484 0.670833 0.0539063 0.1 0.754505
2 0.462891 0.594444 0.0367187 0.0666667 0.767329
2 0.970703 0.675 0.0585938 0.0611111 0.790425
2 0.5625 0.699306 0.0625 0.101389 0.822679
2 0.677344 0.920139 0.125 0.154167 0.840677
2 0.713672 0.761806 0.0992187 0.140278 0.845964
2 0.48125 0.84375 0.0796875 0.1625 0.847052
