25 0.0101562 0.747222 0.0203125 0.0666667 0.265002
2 0.407422 0.578472 0.0382813 0.0708333 0.268993
2 0.574219 0.547222 0.0328125 0.05 0.280077
5 0.666406 0.361111 0.06875 0.05 0.314622
2 0.65625 0.497222 0.03125 0.0388889 0.330162
2 0.501562 0.514583 0.028125 0.0347222 0.370568
7 0.616406 0.780556 0.0796875 0.144444 0.427221
7 0.460156 0.513889 0.034375 0.0833333 0.497087
2 0.535156 0.565278 0.0421875 0.0638889 0.519021
2 0.475781 0.586806 0.0359375 0.0486111 0.542207
5 0.405859 0.529167 0.0414063 0.155556 0.542821
7 0.689844 0.703472 0.0796875 0.143056 0.588054
2 0.511328 0.931944 0.114844 0.133333 0.631729
2 0.818359 0.561111 0.0476562 0.0527778 0.648012
2 0.550781 0.641667 0.0515625 0.0888889 0.65125
2 0.616016 0.779861 0.0773437 0.143056 0.679484
2 0.478516 0.672222 0.0492188 0.122222 0.681053
2 0.335156 0.854167 0.1 0.2 0.708142
2 0.621875 0.624306 0.053125 0.0763889 0.7663
2 0.370703 0.690972 0.0585938 0.0958333 0.813921
2 0.843359 0.913194 0.152344 0.165278 0.871366
