2 0.467578 0.585417 0.0476562 0.126389 0.258492
5 0.776563 0.820833 0.115625 0.225 0.282144
2 0.527344 0.482639 0.0234375 0.0347222 0.282218
2 0.777734 0.822917 0.119531 0.220833 0.350514
2 0.507422 0.522917 0.0304688 0.0430556 0.379968
2 0.735937 0.5125 0.0390625 0.0416667 0.394304
7 0.777734 0.824306 0.117969 0.2125 0.444212
7 0.466797 0.58125 0.0476562 0.129167 0.448903
2 0.58125 0.551389 0.0359375 0.0611111 0.461982
5 0.466016 0.581944 0.0492188 0.136111 0.473865
2 0.675391 0.501389 0.0335938 0.0416667 0.517226
2 0.387109 0.661111 0.0601562 0.116667 0.552948
2 0.763672 0.55 0.0523437 0.0583333 0.625807
2 0.533203 0.584028 0.0398437 0.0625 0.776206
2 0.308594 0.909028 0.107813 0.170833 0.795429
2 0.606641 0.74375 0.0835937 0.140278 0.797204
2 0.912109 0.576389 0.0601562 0.0666667 0.799278
5 0.387109 0.535417 0.0570313 0.140278 0.809286
2 0.613672 0.602778 0.0476562 0.0694444 0.811958
2 0.492578 0.731944 0.0664062 0.119444 0.836549
2 0.957031 0.692361 0.0859375 0.0902778 0.836994
2 0.677734 0.700694 0.0773437 0.118056 0.861088
