2 0.377734 0.472917 0.0257812 0.0430556 0.254316
2 0.504297 0.535417 0.0679687 0.0513889 0.291992
2 0.489453 0.475 0.0210938 0.0277778 0.374494
2 0.719141 0.530556 0.0460938 0.0416667 0.392268
2 0.372266 0.517361 0.0289063 0.0319444 0.398042
2 0.529297 0.525694 0.0320312 0.0375 0.438514
7 0.330469 0.758333 0.0703125 0.127778 0.472912
2 0.461328 0.49375 0.0242187 0.0319444 0.482452
2 0.420312 0.494444 0.025 0.0444444 0.568123
2 0.491016 0.542361 0.0351562 0.0513889 0.571709
2 0.330469 0.75625 0.071875 0.129167 0.599983
2 0.673828 0.518056 0.0367187 0.0472222 0.645493
2 0.7125 0.579167 0.0390625 0.0527778 0.688341
2 0.440234 0.617361 0.0445312 0.0791667 0.689324
2 0.438281 0.709722 0.0578125 0.113889 0.734651
2 0.569141 0.582639 0.0460938 0.0680556 0.7516
2 0.984375 0.653472 0.03125 0.0625 0.765513
2 0.375 0.583333 0.0359375 0.0638889 0.796913
2 0.65 0.697917 0.0765625 0.0986111 0.801323
2 0.535156 0.648611 0.0578125 0.105556 0.838049
2 0.863281 0.643056 0.06875 0.0722222 0.849463
2 0.767578 0.90625 0.124219 0.181944 0.877496
