2 0.475391 0.5 0.0210938 0.025 0.251648
2 0.521094 0.50625 0.0203125 0.0375 0.259428
2 0.685938 0.536111 0.040625 0.0416667 0.415635
2 0.447266 0.531944 0.0273438 0.0444444 0.447769
2 0.561719 0.552778 0.034375 0.05 0.470456
2 0.296094 0.958333 0.0984375 0.0777778 0.512408
2 0.397266 0.561806 0.0320312 0.0402778 0.577404
2 0.510547 0.560417 0.0320312 0.0430556 0.65422
2 0.834766 0.645139 0.0804688 0.0736111 0.684647
2 0.358203 0.757639 0.0710938 0.134722 0.716131
2 0.834766 0.929861 0.149219 0.129167 0.732633
2 0.450781 0.607639 0.0375 0.0625 0.734945
2 0.599609 0.611806 0.0476562 0.0625 0.762147
2 0.467578 0.683333 0.0570313 0.1 0.783788
2 0.650781 0.71875 0.0734375 0.101389 0.795303
2 0.973437 0.73125 0.053125 0.0847222 0.814676
2 0.38125 0.653472 0.04375 0.0791667 0.816873
2 0.551562 0.66875 0.0515625 0.0847222 0.823033
