7 0.408594 0.478472 0.034375 0.0986111 0.250501
2 0.536328 0.514583 0.0242187 0.0319444 0.258352
2 0.700781 0.565972 0.03125 0.0375 0.28021
2 0.456641 0.529861 0.0273438 0.0541667 0.340587
2 0.849219 0.965972 0.1375 0.0625 0.357792
2 0.510156 0.538194 0.028125 0.0402778 0.379654
2 0.487891 0.509722 0.0226563 0.0361111 0.407126
2 0.570703 0.545833 0.0320312 0.0611111 0.413763
2 0.666797 0.511111 0.0351562 0.0444444 0.453839
2 0.308203 0.950694 0.103906 0.0902778 0.537311
2 0.985937 0.679167 0.028125 0.0555556 0.561755
2 0.396484 0.610417 0.0414063 0.0763889 0.706817
2 0.498828 0.911111 0.108594 0.158333 0.773173
2 0.46875 0.599306 0.0390625 0.0708333 0.810622
2 0.363281 0.749306 0.0671875 0.115278 0.816896
2 0.710156 0.759722 0.090625 0.125 0.820136
2 0.470703 0.735417 0.0632813 0.120833 0.82944
2 0.632812 0.638194 0.0546875 0.0736111 0.829838
2 0.561328 0.661111 0.0570313 0.0833333 0.8397
