2 0.502734 0.456944 0.0179687 0.0277778 0.32448
2 0.710156 0.525 0.0390625 0.0361111 0.413543
25 0.00976562 0.739583 0.0195312 0.0625 0.462579
2 0.500391 0.513194 0.0289063 0.0430556 0.480004
2 0.598047 0.580556 0.0460938 0.0722222 0.507837
2 0.547656 0.510417 0.0265625 0.0402778 0.518753
2 0.478125 0.671528 0.0703125 0.193056 0.521073
2 0.455469 0.538194 0.0328125 0.0541667 0.525999
2 0.528516 0.570139 0.0367187 0.0597222 0.529941
2 0.841406 0.893056 0.146875 0.208333 0.607341
2 0.785156 0.538889 0.05 0.05 0.610036
2 0.712891 0.954861 0.107031 0.0819444 0.612566
2 0.780859 0.610417 0.0664062 0.0680556 0.655933
2 0.371094 0.767361 0.0765625 0.148611 0.73584
2 0.630078 0.630556 0.0570313 0.0805556 0.744728
2 0.9625 0.607639 0.075 0.0569444 0.80908
2 0.700391 0.736806 0.0898438 0.134722 0.827001
2 0.562109 0.668056 0.0585938 0.0916667 0.827435
5 0.377734 0.585417 0.0742188 0.190278 0.827515
2 0.509375 0.93125 0.0984375 0.134722 0.851841
