2 0.453125 0.465278 0.0234375 0.0333333 0.310689
2 0.41875 0.473611 0.01875 0.0277778 0.336253
2 0.509375 0.502083 0.028125 0.0347222 0.37679
2 0.385938 0.529167 0.034375 0.05 0.415342
2 0.539062 0.531944 0.028125 0.0388889 0.457717
2 0.294141 0.900694 0.107031 0.184722 0.4615
2 0.477734 0.504167 0.0289063 0.0444444 0.476283
7 0.29375 0.902083 0.104687 0.184722 0.553022
2 0.508594 0.563194 0.0390625 0.0652778 0.680145
2 0.435156 0.5875 0.040625 0.0861111 0.712637
2 0.5875 0.599306 0.04375 0.0569444 0.729053
2 0.628906 0.682639 0.0625 0.0958333 0.796144
2 0.8125 0.894444 0.148438 0.202778 0.819154
2 0.363281 0.646528 0.0484375 0.0819444 0.837329
2 0.944141 0.689583 0.110156 0.115278 0.846389
2 0.567969 0.726389 0.0734375 0.125 0.858631
2 0.4625 0.80625 0.075 0.159722 0.87096
