2 0.407422 0.502083 0.0242187 0.0458333 0.277341
25 0.0222656 0.754167 0.0429688 0.1 0.295443
2 0.492578 0.511806 0.0242187 0.0375 0.378801
2 0.530078 0.514583 0.0210938 0.0319444 0.459874
2 0.567187 0.542361 0.03125 0.0486111 0.463369
2 0.446875 0.515972 0.0234375 0.0375 0.471528
2 0.509766 0.559028 0.0289063 0.0458333 0.556677
2 0.950391 0.696528 0.0992187 0.134722 0.613302
2 0.399609 0.556944 0.0320312 0.0527778 0.662258
2 0.385938 0.632639 0.0421875 0.0736111 0.71348
2 0.539453 0.618056 0.0429688 0.0666667 0.734565
2 0.595312 0.5875 0.0421875 0.0666667 0.7493
2 0.721484 0.7875 0.0914062 0.127778 0.754167
2 0.342187 0.830556 0.0875 0.166667 0.769896
2 0.463281 0.597917 0.0359375 0.0625 0.809248
2 0.667188 0.888194 0.11875 0.215278 0.814505
2 0.469922 0.740972 0.0648438 0.129167 0.853083
