2 0.5375 0.53125 0.0640625 0.0458333 0.256874
7 0.408984 0.513889 0.0398437 0.0972222 0.311733
2 0.520703 0.535417 0.0351562 0.0458333 0.425413
2 0.55625 0.523611 0.0296875 0.0472222 0.433357
7 0.454688 0.491667 0.028125 0.0777778 0.48826
2 0.805078 0.545833 0.0539063 0.0611111 0.557549
2 0.598828 0.585417 0.0414063 0.0680556 0.619382
2 0.658984 0.664583 0.0632813 0.101389 0.62747
2 0.907812 0.6625 0.101562 0.0916667 0.645985
2 0.741406 0.55 0.0484375 0.0444444 0.693148
2 0.986328 0.661111 0.0273438 0.05 0.694254
2 0.533594 0.590278 0.0390625 0.0694444 0.696679
2 0.473437 0.625 0.040625 0.105556 0.714876
2 0.383594 0.644444 0.05 0.075 0.748524
2 0.360156 0.759028 0.075 0.145833 0.787888
2 0.573828 0.673611 0.0570313 0.0944444 0.80688
2 0.496484 0.806944 0.0820312 0.177778 0.851924
2 0.789844 0.854167 0.120312 0.172222 0.856739
