2 0.735937 0.53125 0.040625 0.0402778 0.253228
2 0.536328 0.511806 0.0226563 0.0291667 0.333513
2 0.491016 0.488889 0.0242187 0.0416667 0.353783
2 0.410156 0.529167 0.0296875 0.0444444 0.383372
2 0.441797 0.500694 0.0210938 0.0319444 0.406517
2 0.490234 0.919444 0.110156 0.144444 0.542491
2 0.510938 0.542361 0.0296875 0.0458333 0.560634
2 0.554297 0.542361 0.0273438 0.0375 0.607085
2 0.598828 0.584028 0.0398437 0.0597222 0.62793
2 0.458984 0.551389 0.0273438 0.05 0.643543
2 0.883984 0.715972 0.0976562 0.0847222 0.735484
2 0.476562 0.685417 0.05 0.0958333 0.772802
2 0.534375 0.610417 0.0421875 0.0680556 0.776182
2 0.585156 0.717361 0.06875 0.115278 0.77764
2 0.394141 0.606944 0.0382813 0.0722222 0.784032
2 0.639453 0.65625 0.0648438 0.0847222 0.785186
2 0.369141 0.721528 0.0585938 0.101389 0.792304
