2 0.403516 0.495833 0.0242187 0.0388889 0.263988
2 0.521875 0.507639 0.0203125 0.0263889 0.354438
2 0.558594 0.529167 0.0328125 0.0472222 0.398833
7 0.616797 0.781944 0.0898438 0.163889 0.418163
2 0.690625 0.50625 0.028125 0.0347222 0.47294
2 0.442969 0.507639 0.021875 0.0375 0.498454
2 0.401172 0.540278 0.0273438 0.05 0.510907
2 0.501562 0.543056 0.0265625 0.0388889 0.526865
2 0.617578 0.782639 0.0867188 0.156944 0.625764
2 0.582812 0.56875 0.040625 0.0652778 0.651987
2 0.356641 0.772917 0.0726563 0.140278 0.658108
2 0.389453 0.604861 0.0367187 0.0597222 0.707947
2 0.528516 0.591667 0.0351562 0.0555556 0.721887
2 0.459766 0.575 0.0351562 0.0583333 0.749279
2 0.68125 0.727083 0.0734375 0.101389 0.769702
2 0.465625 0.686806 0.0546875 0.101389 0.821189
