2 0.496094 0.504167 0.025 0.0416667 0.307757
2 0.748047 0.600694 0.0539063 0.0513889 0.310976
25 0.0160156 0.75625 0.0320312 0.0986111 0.403975
2 0.564453 0.55625 0.0289063 0.0430556 0.454412
7 0.619531 0.81875 0.09375 0.168056 0.497926
2 0.441406 0.505556 0.025 0.0472222 0.502438
2 0.544141 0.519444 0.0273438 0.0333333 0.5112
2 0.405469 0.540278 0.0296875 0.0444444 0.527253
2 0.847266 0.628472 0.0773437 0.0625 0.551078
5 0.482422 0.338889 0.135156 0.0666667 0.569496
2 0.460547 0.570139 0.0320312 0.0569444 0.591783
2 0.621875 0.815972 0.090625 0.170833 0.6577
2 0.516406 0.554861 0.03125 0.0486111 0.659632
2 0.351953 0.788889 0.0710938 0.127778 0.670591
2 0.673047 0.702083 0.0789063 0.115278 0.717083
2 0.614844 0.604167 0.0484375 0.0666667 0.746939
2 0.383594 0.639583 0.046875 0.0847222 0.762872
2 0.548828 0.648611 0.0492188 0.0777778 0.783688
2 0.480078 0.754167 0.0648438 0.125 0.81067
