2 0.455078 0.528472 0.0257812 0.0458333 0.254198
2 0.5625 0.539583 0.03125 0.0541667 0.363616
2 0.649609 0.502778 0.0320312 0.0361111 0.366425
2 0.69375 0.53125 0.0421875 0.0402778 0.444091
2 0.320703 0.923611 0.107031 0.152778 0.687189
2 0.809766 0.932639 0.141406 0.118056 0.713161
2 0.398047 0.603472 0.0398437 0.0708333 0.714226
2 0.466406 0.586806 0.0375 0.0652778 0.716287
2 0.619922 0.620833 0.0507812 0.0694444 0.749459
2 0.550781 0.6375 0.05 0.075 0.764277
2 0.687109 0.725694 0.0804688 0.109722 0.792994
2 0.493359 0.888889 0.0976562 0.213889 0.815942
2 0.671484 0.933333 0.119531 0.125 0.819597
2 0.371094 0.725694 0.0609375 0.104167 0.82254
2 0.923828 0.601389 0.0664062 0.0555556 0.838791
2 0.46875 0.706944 0.0578125 0.102778 0.860927
