2 0.528516 0.493056 0.0226563 0.0305556 0.271569
2 0.405469 0.549306 0.0328125 0.0597222 0.277558
2 0.48125 0.480556 0.021875 0.0305556 0.355327
2 0.451953 0.492361 0.0257812 0.0375 0.413903
25 0.0246094 0.734722 0.0476562 0.105556 0.451515
7 0.366016 0.770833 0.0679687 0.133333 0.525872
2 0.462109 0.545833 0.0335938 0.05 0.556162
2 0.582812 0.703472 0.0703125 0.131944 0.556475
2 0.557031 0.517361 0.0296875 0.0430556 0.558412
2 0.515234 0.538194 0.0289063 0.0375 0.573596
2 0.650391 0.651389 0.0648438 0.0972222 0.587218
2 0.605469 0.586111 0.0453125 0.0555556 0.627693
2 0.728125 0.535417 0.040625 0.0458333 0.629102
2 0.817969 0.584028 0.0625 0.0652778 0.659987
2 0.476953 0.634722 0.0492188 0.0777778 0.722137
2 0.71875 0.756944 0.0984375 0.141667 0.730935
2 0.391797 0.630556 0.0445312 0.075 0.748519
2 0.488672 0.782639 0.0679687 0.1375 0.816584
2 0.536328 0.601389 0.0445312 0.0611111 0.831904
2 0.669141 0.927083 0.117969 0.143056 0.848967
