2 0.659766 0.471528 0.0257812 0.0319444 0.2763
7 0.451562 0.479861 0.0296875 0.0791667 0.287732
7 0.410937 0.484028 0.040625 0.118056 0.291636
2 0.463281 0.538889 0.0296875 0.0388889 0.313874
2 0.545703 0.511806 0.0304688 0.0402778 0.363771
7 0.638672 0.630556 0.0617188 0.1 0.392176
2 0.510938 0.520139 0.0296875 0.0375 0.395364
2 0.639844 0.633333 0.0578125 0.0944444 0.420595
2 0.690625 0.513889 0.0390625 0.0388889 0.456893
2 0.409766 0.542361 0.0335938 0.0597222 0.463197
2 0.904297 0.973611 0.146094 0.0472222 0.471469
2 0.524609 0.572917 0.0382813 0.0597222 0.501609
2 0.585938 0.565972 0.0390625 0.0569444 0.514378
2 0.896484 0.598611 0.0476562 0.0638889 0.518006
2 0.723828 0.567361 0.0523437 0.0569444 0.626064
2 0.470313 0.611806 0.0375 0.0791667 0.644392
2 0.487891 0.743056 0.0695312 0.141667 0.703981
2 0.387109 0.624306 0.0414063 0.0597222 0.720737
2 0.367969 0.718056 0.065625 0.125 0.722123
2 0.557813 0.636806 0.0453125 0.0763889 0.730727
2 0.762109 0.808333 0.108594 0.152778 0.746437
2 0.957812 0.603472 0.0703125 0.0625 0.750056
2 0.819922 0.598611 0.0679687 0.0583333 0.799071
