2 0.455078 0.527083 0.0351562 0.0541667 0.262564
2 0.694922 0.513889 0.0382813 0.0388889 0.302045
2 0.738672 0.984028 0.0851562 0.0319444 0.338298
2 0.505078 0.458333 0.0179687 0.0277778 0.373685
2 0.599609 0.583333 0.0476562 0.075 0.404736
2 0.438672 0.463194 0.0257812 0.0319444 0.434613
2 0.48125 0.684028 0.0734375 0.201389 0.435768
2 0.502734 0.516667 0.0289063 0.0444444 0.509245
7 0.480859 0.685417 0.0726563 0.184722 0.527028
2 0.459375 0.54375 0.034375 0.0541667 0.538682
2 0.55 0.513194 0.0265625 0.0402778 0.549585
2 0.855859 0.9 0.155469 0.2 0.560916
2 0.755078 0.588194 0.0554687 0.0625 0.60745
2 0.760156 0.524306 0.04375 0.0458333 0.613687
2 0.531641 0.577778 0.0382813 0.0583333 0.684368
2 0.508984 0.95 0.0960938 0.0888889 0.734496
2 0.635156 0.634722 0.0546875 0.0805556 0.791773
2 0.923828 0.586111 0.0679687 0.0555556 0.815705
2 0.567969 0.679861 0.0609375 0.0958333 0.816905
5 0.376563 0.593056 0.0765625 0.194444 0.824403
2 0.36875 0.783333 0.084375 0.152778 0.835112
2 0.703906 0.740972 0.0875 0.134722 0.850199
