2 0.395703 0.502778 0.0289063 0.0666667 0.251348
2 0.546875 0.563889 0.065625 0.0527778 0.253569
2 0.433984 0.501389 0.0226563 0.0305556 0.373249
7 0.684375 0.742361 0.084375 0.115278 0.3781
2 0.682422 0.970833 0.102344 0.0583333 0.400839
2 0.528125 0.51875 0.0234375 0.0347222 0.488394
2 0.439063 0.552083 0.0296875 0.0430556 0.518742
2 0.656641 0.527778 0.0320312 0.0388889 0.518769
2 0.685156 0.743056 0.084375 0.113889 0.534195
7 0.326953 0.860417 0.0867188 0.159722 0.559431
2 0.327344 0.858333 0.0875 0.158333 0.634942
2 0.55625 0.553472 0.0328125 0.0458333 0.638742
2 0.485938 0.51875 0.025 0.0319444 0.677426
2 0.848828 0.64375 0.0789063 0.0652778 0.700982
2 0.485547 0.95625 0.0945313 0.0847222 0.739036
2 0.512109 0.577778 0.0351562 0.0527778 0.770351
2 0.477734 0.797917 0.0664062 0.134722 0.77119
2 0.454688 0.600694 0.0421875 0.0736111 0.779572
2 0.744141 0.607639 0.0632813 0.0652778 0.790005
2 0.587891 0.61875 0.0476562 0.0680556 0.798406
2 0.383594 0.604861 0.0359375 0.0597222 0.845175
2 0.366797 0.688889 0.0570313 0.102778 0.853184
