2 0.637109 0.486111 0.0335938 0.0444444 0.276877
2 0.499219 0.506944 0.0296875 0.0444444 0.321244
2 0.407813 0.495833 0.021875 0.0333333 0.326081
2 0.550391 0.529861 0.0242187 0.0319444 0.34838
2 0.442187 0.509722 0.0265625 0.0472222 0.518312
2 0.571094 0.567361 0.0328125 0.0486111 0.532521
2 0.694141 0.560417 0.0445312 0.0458333 0.540702
2 0.401172 0.552083 0.0320312 0.0486111 0.625529
2 0.521094 0.568056 0.0375 0.0555556 0.699407
2 0.701953 0.741667 0.0945313 0.144444 0.720398
5 0.554688 0.334028 0.129688 0.0625 0.724239
2 0.764453 0.575694 0.0523437 0.0569444 0.733698
2 0.462109 0.5875 0.0351562 0.0638889 0.737967
2 0.63125 0.627083 0.053125 0.0763889 0.763017
2 0.376172 0.661806 0.0507812 0.0958333 0.767923
2 0.335156 0.841667 0.0828125 0.155556 0.786758
2 0.559766 0.686806 0.0617188 0.0986111 0.832702
2 0.481641 0.819444 0.0757812 0.155556 0.852565
2 0.664062 0.902778 0.117188 0.188889 0.859532
