2 0.453125 0.465972 0.0234375 0.0319444 0.274031
2 0.41875 0.473611 0.01875 0.0277778 0.281202
2 0.508984 0.500694 0.0273438 0.0347222 0.353004
2 0.385938 0.527778 0.034375 0.05 0.375367
2 0.478125 0.504167 0.028125 0.0444444 0.414707
2 0.537891 0.530556 0.0304688 0.0416667 0.466422
7 0.295703 0.899306 0.103906 0.190278 0.61479
2 0.508984 0.561806 0.0382813 0.0625 0.67258
2 0.435547 0.586111 0.0414063 0.0833333 0.703954
2 0.587891 0.598611 0.0414063 0.0555556 0.727122
2 0.627734 0.68125 0.0601562 0.0930556 0.763068
2 0.948438 0.697917 0.103125 0.118056 0.770871
2 0.807422 0.890278 0.146094 0.202778 0.791653
2 0.363672 0.645833 0.0476562 0.0805556 0.831393
2 0.566406 0.719444 0.0734375 0.125 0.845748
2 0.4625 0.801389 0.075 0.155556 0.864833
