2 0.409766 0.541667 0.0335938 0.0666667 0.265251
2 0.646094 0.648611 0.053125 0.0888889 0.267863
2 0.464844 0.543056 0.028125 0.0388889 0.324097
2 0.514063 0.526389 0.03125 0.0416667 0.346621
7 0.410937 0.491667 0.040625 0.130556 0.378038
2 0.549219 0.515278 0.0296875 0.0361111 0.439024
2 0.680469 0.504861 0.0359375 0.0375 0.474836
7 0.451953 0.481944 0.0289063 0.0833333 0.475408
2 0.589063 0.572917 0.0453125 0.0625 0.491894
2 0.708594 0.559028 0.0484375 0.0541667 0.514846
7 0.645312 0.646528 0.05625 0.0930556 0.51515
2 0.526172 0.575 0.0398437 0.0666667 0.585653
2 0.387109 0.627083 0.0414063 0.0652778 0.697332
2 0.470703 0.616667 0.0382813 0.0861111 0.717069
2 0.960156 0.759722 0.0796875 0.0944444 0.731056
2 0.366406 0.727083 0.0703125 0.129167 0.743246
2 0.927344 0.586806 0.065625 0.0597222 0.782834
2 0.562109 0.645833 0.0492188 0.0805556 0.790187
2 0.798047 0.584028 0.0664062 0.0597222 0.7963
2 0.490625 0.755556 0.0734375 0.144444 0.80873
2 0.768359 0.822917 0.111719 0.156944 0.839227
