7 0.453125 0.957639 0.0984375 0.0819444 0.278594
2 0.417188 0.465278 0.025 0.0305556 0.300288
2 0.522266 0.502778 0.0242187 0.0361111 0.434082
2 0.383594 0.489583 0.028125 0.0708333 0.43964
2 0.454297 0.957639 0.0929687 0.0791667 0.442359
2 0.642187 0.493056 0.0328125 0.0388889 0.519505
2 0.576172 0.582639 0.0429688 0.0569444 0.615935
2 0.855859 0.696528 0.0789063 0.0763889 0.626835
2 0.489844 0.533333 0.0328125 0.0472222 0.682998
2 0.708984 0.505556 0.0429688 0.0444444 0.720693
2 0.435937 0.536111 0.03125 0.0583333 0.769929
2 0.463672 0.804861 0.0773437 0.148611 0.785981
2 0.533984 0.620833 0.0554687 0.0833333 0.788805
2 0.364453 0.670833 0.0539063 0.1 0.789717
2 0.646484 0.68125 0.0742188 0.109722 0.791524
2 0.846484 0.938194 0.153906 0.120833 0.793474
2 0.369531 0.570833 0.0359375 0.0527778 0.84815
2 0.654297 0.895833 0.141406 0.205556 0.880363
