7 0.592578 0.575 0.0460938 0.0694444 0.256243
9 0.609766 0.4625 0.00859375 0.0277778 0.261509
2 0.494922 0.501389 0.0289063 0.0444444 0.263547
2 0.592969 0.572222 0.0453125 0.0722222 0.310976
2 0.453516 0.527083 0.0320312 0.0430556 0.332605
7 0.473437 0.646528 0.0640625 0.156944 0.347471
7 0.8625 0.564583 0.0625 0.0958333 0.39854
2 0.540234 0.501389 0.0273438 0.0361111 0.39967
7 0.817578 0.879167 0.135156 0.227778 0.418909
25 0.0285156 0.739583 0.0570313 0.106944 0.467975
2 0.376172 0.730556 0.0695312 0.133333 0.543288
2 0.817187 0.877083 0.135937 0.229167 0.54796
5 0.473047 0.6375 0.0648438 0.172222 0.556597
2 0.521484 0.557639 0.0335938 0.0541667 0.56515
2 0.753906 0.552083 0.0484375 0.0486111 0.656071
2 0.626562 0.624306 0.053125 0.0763889 0.66388
2 0.864453 0.674306 0.0882813 0.0930556 0.697784
2 0.552734 0.638194 0.0523437 0.0819444 0.746442
5 0.381641 0.56875 0.0679687 0.168056 0.823642
2 0.501172 0.886111 0.0898438 0.208333 0.843097
2 0.685156 0.90625 0.132812 0.184722 0.866929
2 0.693359 0.726389 0.0835937 0.122222 0.870083
