2 0.537109 0.515972 0.0242187 0.0319444 0.319538
2 0.846875 0.972917 0.120312 0.0486111 0.380357
2 0.692578 0.494444 0.0382813 0.0388889 0.408276
2 0.626953 0.484028 0.0289063 0.0347222 0.408654
2 0.456641 0.530556 0.0289063 0.0555556 0.410583
7 0.307422 0.955556 0.102344 0.0805556 0.421619
2 0.308203 0.952778 0.105469 0.0833333 0.430683
2 0.662891 0.509028 0.0335938 0.0430556 0.481334
2 0.488672 0.507639 0.0242187 0.0375 0.483591
2 0.510938 0.538889 0.028125 0.0444444 0.503894
2 0.571094 0.547222 0.0328125 0.0611111 0.508517
2 0.978125 0.672222 0.04375 0.0694444 0.625307
2 0.396094 0.611111 0.0421875 0.0805556 0.723756
2 0.501562 0.918056 0.10625 0.152778 0.739582
2 0.469141 0.600694 0.0398437 0.0708333 0.81965
2 0.3625 0.754167 0.06875 0.116667 0.824624
2 0.471484 0.740972 0.0648438 0.123611 0.83377
2 0.634375 0.639583 0.05625 0.0763889 0.835319
2 0.562891 0.663889 0.0585938 0.0833333 0.842575
2 0.713281 0.765278 0.09375 0.125 0.875856
