5 0.740234 0.348611 0.0554687 0.0333333 0.260245
5 0.460938 0.518056 0.034375 0.0944444 0.272459
2 0.580078 0.552083 0.0320312 0.0541667 0.306522
5 0.483984 0.329167 0.116406 0.0611111 0.319979
2 0.405469 0.583333 0.0390625 0.0722222 0.329869
7 0.705078 0.718056 0.0820312 0.15 0.438557
25 0.0269531 0.740972 0.0539063 0.106944 0.449083
7 0.461719 0.519444 0.0359375 0.0916667 0.46902
2 0.505859 0.520139 0.0273438 0.0430556 0.515125
5 0.405078 0.53125 0.0429688 0.156944 0.598595
2 0.540625 0.579861 0.0421875 0.0680556 0.613566
2 0.770312 0.53125 0.0453125 0.0430556 0.6469
2 0.478906 0.597222 0.0375 0.0583333 0.685626
2 0.632031 0.6375 0.05625 0.0833333 0.756799
2 0.321875 0.890972 0.109375 0.2125 0.76328
2 0.560547 0.667361 0.0648438 0.104167 0.764722
2 0.482031 0.695833 0.0546875 0.127778 0.784737
2 0.642969 0.846528 0.09375 0.181944 0.81256
2 0.364062 0.706944 0.065625 0.113889 0.822589
2 0.856641 0.922222 0.153906 0.155556 0.831884
2 0.937109 0.685417 0.100781 0.0958333 0.877206
