2 0.509766 0.98125 0.0882813 0.0347222 0.259332
2 0.649609 0.470139 0.0304688 0.0347222 0.350387
7 0.409766 0.48125 0.0335938 0.101389 0.388791
2 0.458984 0.542361 0.0289063 0.0652778 0.390685
2 0.494922 0.517361 0.0257812 0.0430556 0.391643
2 0.76875 0.521528 0.0390625 0.0402778 0.463168
2 0.517969 0.552778 0.0296875 0.0472222 0.594915
2 0.581641 0.563194 0.0367187 0.0625 0.674309
2 0.347656 0.800694 0.078125 0.1375 0.688106
2 0.392578 0.625694 0.0460938 0.0875 0.717172
2 0.473437 0.621528 0.04375 0.0791667 0.79313
2 0.654688 0.663889 0.0640625 0.0833333 0.858362
2 0.753516 0.822222 0.113281 0.155556 0.867757
2 0.582031 0.708333 0.0703125 0.108333 0.869151
2 0.475781 0.797917 0.075 0.148611 0.8743
