2 0.751953 0.520139 0.0445312 0.0458333 0.274912
2 0.692187 0.51875 0.040625 0.0402778 0.291598
5 0.587891 0.349306 0.0507812 0.0347222 0.299684
7 0.408203 0.538889 0.0398437 0.122222 0.327722
7 0.349219 0.809722 0.0890625 0.172222 0.328723
2 0.776563 0.607639 0.065625 0.0541667 0.34205
7 0.458984 0.504861 0.0304688 0.0819444 0.358311
2 0.527734 0.554167 0.0382813 0.05 0.41959
2 0.566016 0.534722 0.0320312 0.0472222 0.421512
7 0.816797 0.89375 0.135156 0.190278 0.464335
7 0.675 0.684028 0.071875 0.129167 0.573457
2 0.349219 0.804861 0.0875 0.170833 0.592085
2 0.816797 0.894444 0.136719 0.191667 0.593664
2 0.476562 0.650694 0.0453125 0.109722 0.66522
2 0.610156 0.60625 0.046875 0.0652778 0.71003
2 0.541406 0.61875 0.046875 0.0819444 0.724532
2 0.907422 0.604861 0.0570313 0.0597222 0.740281
2 0.378906 0.66875 0.0515625 0.0847222 0.773935
2 0.592188 0.722222 0.0671875 0.116667 0.789905
2 0.502734 0.886111 0.0992187 0.216667 0.854357
