25 0.025 0.7375 0.05 0.105556 0.275813
7 0.237109 0.848611 0.232031 0.302778 0.292776
7 0.574219 0.677778 0.0625 0.113889 0.323808
2 0.405859 0.548611 0.0351562 0.0555556 0.328082
2 0.525 0.486111 0.025 0.0333333 0.335454
2 0.452734 0.490278 0.0242187 0.0333333 0.355584
2 0.480078 0.477083 0.0226563 0.0263889 0.446906
2 0.575391 0.678472 0.0632813 0.118056 0.459773
7 0.375 0.734028 0.0671875 0.1125 0.50823
2 0.5125 0.528472 0.0296875 0.0402778 0.58099
2 0.64375 0.643056 0.0625 0.0944444 0.596693
2 0.555078 0.514583 0.0289063 0.0402778 0.599639
2 0.701953 0.725694 0.0898438 0.126389 0.656795
2 0.603125 0.584028 0.0421875 0.0541667 0.670398
2 0.398438 0.613194 0.0421875 0.0708333 0.701121
2 0.461328 0.539583 0.0304688 0.0458333 0.712002
2 0.535547 0.590278 0.0398437 0.0611111 0.789168
2 0.797656 0.578472 0.0578125 0.0597222 0.790209
2 0.475781 0.613889 0.0453125 0.0694444 0.8226
2 0.486719 0.732639 0.0578125 0.1125 0.837427
2 0.917969 0.652778 0.0875 0.0916667 0.850801
2 0.645703 0.884028 0.103906 0.179167 0.883603
