2 0.502734 0.519444 0.0289063 0.05 0.279258
7 0.305469 0.931944 0.0984375 0.136111 0.296172
2 0.403125 0.502083 0.0234375 0.0347222 0.346033
2 0.440625 0.526389 0.028125 0.0527778 0.496735
2 0.559375 0.541667 0.0296875 0.0444444 0.512003
2 0.680078 0.520833 0.0382813 0.0416667 0.578545
2 0.358984 0.709722 0.0648438 0.122222 0.596962
2 0.305859 0.930556 0.0960938 0.136111 0.643424
2 0.582812 0.588194 0.034375 0.0569444 0.64709
5 0.672266 0.339583 0.139844 0.0708333 0.651569
2 0.393359 0.573611 0.0351562 0.0583333 0.678506
2 0.528516 0.595833 0.0414063 0.0638889 0.722966
2 0.662109 0.672917 0.0695312 0.0986111 0.747563
2 0.462891 0.626389 0.0445312 0.0805556 0.786114
2 0.487109 0.924306 0.100781 0.126389 0.823311
2 0.582812 0.770139 0.078125 0.129167 0.827617
2 0.76875 0.846528 0.128125 0.195833 0.859664
