2 0.49375 0.5125 0.028125 0.0444444 0.318619
7 0.409766 0.480556 0.0335938 0.102778 0.382074
2 0.459375 0.538889 0.028125 0.0583333 0.397414
2 0.505859 0.967361 0.0960938 0.0597222 0.465072
2 0.780469 0.531944 0.040625 0.0388889 0.466342
2 0.516797 0.549306 0.0289063 0.0458333 0.538838
2 0.908203 0.614583 0.0476562 0.0652778 0.661937
2 0.580859 0.561111 0.0351562 0.0583333 0.699275
2 0.39375 0.626389 0.04375 0.0722222 0.755099
2 0.351562 0.790278 0.075 0.130556 0.777946
2 0.472656 0.616667 0.0453125 0.0777778 0.799175
2 0.650391 0.659028 0.0617188 0.0819444 0.823843
2 0.577734 0.697917 0.0679687 0.0986111 0.831967
2 0.744922 0.808333 0.108594 0.15 0.845445
2 0.476172 0.784028 0.0742188 0.140278 0.856742
