2 0.684375 0.46875 0.028125 0.0263889 0.317067
2 0.489062 0.485417 0.025 0.0263889 0.345282
7 0.765625 0.81875 0.1125 0.1625 0.43469
2 0.750781 0.514583 0.0390625 0.0458333 0.485027
5 0.344141 0.725694 0.122656 0.3375 0.515794
2 0.454297 0.499306 0.0257812 0.0430556 0.530544
2 0.622656 0.610417 0.053125 0.0819444 0.562343
2 0.894922 0.690972 0.0570313 0.0680556 0.571469
2 0.536719 0.492361 0.025 0.0347222 0.614091
2 0.586328 0.553472 0.0351562 0.0513889 0.621447
7 0.344141 0.726389 0.124219 0.338889 0.633133
2 0.514844 0.541667 0.03125 0.0416667 0.645151
2 0.466016 0.554167 0.0351562 0.0527778 0.683616
2 0.538672 0.585417 0.0414063 0.0763889 0.684647
2 0.766797 0.820139 0.113281 0.168056 0.691648
2 0.473828 0.610417 0.0414063 0.0680556 0.714168
2 0.663281 0.668056 0.06875 0.1 0.748927
2 0.576953 0.68125 0.0617188 0.0958333 0.80223
2 0.495313 0.745139 0.0625 0.120833 0.859723
