2 0.382422 0.511806 0.0257812 0.0347222 0.265789
2 0.498828 0.479861 0.0210938 0.0263889 0.288892
5 0.64375 0.365972 0.08125 0.0569444 0.292256
2 0.381641 0.4625 0.0210938 0.0361111 0.310641
2 0.469531 0.493056 0.021875 0.0277778 0.337009
2 0.660937 0.780556 0.11875 0.2 0.346785
2 0.449219 0.584028 0.034375 0.0541667 0.454581
2 0.427344 0.495833 0.0328125 0.05 0.467879
2 0.669141 0.543056 0.0445312 0.0444444 0.49218
2 0.522266 0.513889 0.0257812 0.0388889 0.574462
2 0.700391 0.504861 0.0382813 0.0458333 0.695329
2 0.569141 0.566667 0.0398437 0.0555556 0.726391
2 0.377734 0.5625 0.0367187 0.0638889 0.728309
2 0.322266 0.894444 0.0992187 0.202778 0.782727
2 0.865625 0.944444 0.142188 0.108333 0.790469
2 0.351172 0.682639 0.0539063 0.0958333 0.790748
2 0.454297 0.650694 0.0507812 0.0819444 0.801148
2 0.779688 0.584028 0.0609375 0.0597222 0.831553
2 0.672266 0.73125 0.0867188 0.115278 0.83918
2 0.530078 0.633333 0.0554687 0.0805556 0.842092
2 0.657031 0.892361 0.135937 0.2125 0.871747
