25 0.025 0.7375 0.05 0.105556 0.26272
7 0.236328 0.85625 0.236719 0.2875 0.307892
2 0.40625 0.549306 0.034375 0.0569444 0.337376
2 0.525391 0.486111 0.0257812 0.0333333 0.33768
2 0.452344 0.490278 0.025 0.0333333 0.356245
2 0.480469 0.476389 0.021875 0.0277778 0.443725
7 0.373047 0.739583 0.0710938 0.123611 0.549084
2 0.513281 0.53125 0.0296875 0.0402778 0.577139
2 0.555469 0.514583 0.028125 0.0402778 0.62549
2 0.64375 0.644444 0.0625 0.0944444 0.667231
2 0.603125 0.584028 0.040625 0.0541667 0.670758
2 0.397266 0.613194 0.0414063 0.0736111 0.702866
2 0.461719 0.540278 0.03125 0.0472222 0.720146
2 0.703125 0.727083 0.090625 0.129167 0.752077
2 0.576172 0.68125 0.0632813 0.115278 0.756672
2 0.786328 0.572222 0.0570313 0.0611111 0.770953
2 0.535156 0.590278 0.0390625 0.0611111 0.788127
2 0.906641 0.638194 0.0726563 0.0958333 0.793252
2 0.475781 0.61875 0.04375 0.0680556 0.816893
2 0.487109 0.738194 0.0601562 0.118056 0.828661
2 0.648828 0.890972 0.110156 0.184722 0.883597
