2 0.451562 0.49375 0.025 0.0319444 0.328255
2 0.527734 0.492361 0.0242187 0.0319444 0.339652
25 0.0246094 0.734722 0.0492188 0.105556 0.431585
2 0.481641 0.479167 0.0226563 0.0305556 0.434673
2 0.514844 0.536806 0.028125 0.0375 0.47666
2 0.836328 0.591667 0.0710938 0.0777778 0.503369
7 0.365625 0.766667 0.0734375 0.133333 0.560683
2 0.462109 0.54375 0.0320312 0.0486111 0.581007
2 0.557813 0.516667 0.0296875 0.0444444 0.600268
2 0.582422 0.7 0.0695312 0.133333 0.613117
2 0.648828 0.647917 0.0648438 0.0958333 0.637241
2 0.604688 0.585417 0.04375 0.0569444 0.662799
2 0.739062 0.543056 0.046875 0.0472222 0.678221
2 0.392969 0.624306 0.0421875 0.0763889 0.712362
2 0.477344 0.629861 0.05 0.0763889 0.73611
2 0.536328 0.597917 0.0429688 0.0625 0.777858
2 0.4875 0.772222 0.065625 0.130556 0.819508
2 0.716016 0.749306 0.0960938 0.140278 0.822234
2 0.666406 0.91875 0.115625 0.159722 0.877149
