25 0.021875 0.759028 0.0421875 0.101389 0.275597
2 0.504687 0.515278 0.034375 0.0444444 0.285261
2 0.466016 0.466667 0.0210938 0.025 0.295923
2 0.410156 0.514583 0.025 0.0625 0.324732
2 0.489062 0.491667 0.025 0.0361111 0.34655
2 0.532031 0.506944 0.0203125 0.0277778 0.368546
7 0.307813 0.939583 0.1 0.115278 0.383054
2 0.548828 0.536111 0.0242187 0.0361111 0.408888
2 0.439844 0.499306 0.01875 0.0291667 0.445603
2 0.771875 0.563194 0.0421875 0.0569444 0.542863
2 0.507812 0.535417 0.028125 0.0430556 0.555491
2 0.788672 0.629167 0.0757812 0.0805556 0.559427
2 0.590234 0.575694 0.0351562 0.0486111 0.645418
2 0.45625 0.545139 0.0265625 0.0458333 0.679907
2 0.375781 0.699306 0.0515625 0.0930556 0.728438
2 0.528906 0.599306 0.0359375 0.0569444 0.745135
2 0.484766 0.893056 0.0960938 0.2 0.752496
2 0.572656 0.688889 0.0609375 0.1 0.761436
2 0.474219 0.661806 0.04375 0.0847222 0.764113
2 0.628125 0.638194 0.05625 0.0819444 0.767417
2 0.960938 0.797917 0.078125 0.0958333 0.780026
2 0.395703 0.594444 0.0335938 0.0638889 0.799192
