7 0.433203 0.457639 0.0273438 0.0541667 0.254265
2 0.503906 0.529861 0.0265625 0.0402778 0.258657
2 0.740234 0.525 0.0476562 0.0444444 0.28702
2 0.561328 0.538889 0.0289063 0.0527778 0.292477
2 0.754297 0.610417 0.0507812 0.0458333 0.336996
2 0.652344 0.504167 0.03125 0.0388889 0.366068
2 0.697266 0.534028 0.0398437 0.0430556 0.577242
2 0.550391 0.634722 0.0492188 0.0722222 0.672639
2 0.466016 0.586111 0.0367187 0.0611111 0.68364
2 0.398438 0.601389 0.0390625 0.0722222 0.732269
2 0.321094 0.91875 0.10625 0.1625 0.740091
2 0.61875 0.619444 0.05 0.0694444 0.754373
2 0.805859 0.93125 0.142969 0.129167 0.758138
2 0.668359 0.929861 0.117969 0.140278 0.786391
2 0.492969 0.879861 0.096875 0.206944 0.79064
2 0.683594 0.722222 0.0796875 0.108333 0.813474
2 0.371875 0.722222 0.0609375 0.102778 0.821326
2 0.468359 0.704167 0.0570313 0.1 0.853994
2 0.937891 0.606944 0.0710938 0.0527778 0.854691
