25 0.00859375 0.727083 0.0171875 0.0513889 0.282012
2 0.503125 0.513194 0.028125 0.0319444 0.317886
2 0.577344 0.539583 0.0359375 0.0597222 0.345043
7 0.839844 0.570139 0.0890625 0.104167 0.398578
5 0.466406 0.566667 0.05 0.125 0.491563
7 0.766797 0.807639 0.111719 0.201389 0.527902
2 0.498437 0.922917 0.0875 0.143056 0.620421
2 0.786719 0.538889 0.05 0.0416667 0.633825
2 0.320312 0.870139 0.096875 0.1875 0.653901
2 0.391016 0.640278 0.0523437 0.102778 0.680773
2 0.608594 0.588194 0.0453125 0.0708333 0.703849
2 0.715234 0.532639 0.0445312 0.0430556 0.747793
2 0.527344 0.565278 0.040625 0.0583333 0.750089
2 0.98125 0.621528 0.0375 0.0597222 0.754751
5 0.391406 0.526389 0.053125 0.133333 0.801105
2 0.669531 0.6875 0.075 0.105556 0.809728
2 0.489453 0.69375 0.0601562 0.106944 0.832929
2 0.590234 0.696528 0.0742188 0.118056 0.839581
2 0.661328 0.925 0.135156 0.144444 0.84649
