2 0.458203 0.473611 0.0226563 0.0527778 0.260979
2 0.485547 0.470139 0.0242187 0.0319444 0.263372
2 0.372656 0.5125 0.0296875 0.0333333 0.263423
2 0.744141 0.545139 0.0523437 0.0458333 0.308366
2 0.438281 0.638889 0.053125 0.136111 0.312166
2 0.526563 0.51875 0.0328125 0.0347222 0.35927
2 0.458203 0.490972 0.0226563 0.0319444 0.404096
2 0.419531 0.490278 0.0234375 0.0416667 0.53408
2 0.560547 0.570833 0.0445312 0.0611111 0.563707
2 0.487109 0.532639 0.0351562 0.0486111 0.602489
2 0.439063 0.604167 0.04375 0.075 0.608846
2 0.732813 0.594444 0.0578125 0.0583333 0.670364
2 0.665625 0.954861 0.114063 0.0875 0.701052
2 0.375781 0.572917 0.034375 0.0597222 0.702966
2 0.636328 0.677778 0.0710938 0.0916667 0.736874
2 0.436328 0.6875 0.0554687 0.111111 0.763055
2 0.69375 0.528472 0.0453125 0.0597222 0.763141
2 0.334375 0.736111 0.0671875 0.116667 0.788564
2 0.530078 0.63125 0.0554687 0.0902778 0.81369
2 0.910937 0.681944 0.09375 0.0805556 0.884
2 0.737891 0.865972 0.111719 0.173611 0.887625
