9 0.612891 0.463889 0.00859375 0.025 0.256979
7 0.86875 0.565972 0.0734375 0.101389 0.257894
2 0.452734 0.527083 0.0320312 0.0430556 0.297956
2 0.473828 0.639583 0.0664062 0.165278 0.309257
7 0.473047 0.638194 0.0648438 0.170833 0.325225
2 0.754297 0.5 0.0460938 0.0444444 0.330215
2 0.539844 0.499306 0.028125 0.0375 0.335356
2 0.883984 0.594444 0.0492188 0.0555556 0.373282
7 0.813672 0.874306 0.133594 0.231944 0.376335
2 0.592969 0.571528 0.046875 0.0708333 0.380332
25 0.0273438 0.738889 0.0546875 0.105556 0.405138
2 0.814062 0.873611 0.135937 0.233333 0.46401
2 0.377344 0.724306 0.06875 0.1375 0.470341
2 0.519922 0.554861 0.0335938 0.0541667 0.507446
2 0.760547 0.561806 0.0539063 0.0513889 0.671305
2 0.551172 0.635417 0.0507812 0.0791667 0.672487
2 0.891797 0.688194 0.0726563 0.0986111 0.682964
2 0.625781 0.622222 0.053125 0.075 0.736297
5 0.38125 0.565972 0.06875 0.168056 0.820765
2 0.501172 0.877083 0.0882813 0.195833 0.866892
2 0.692187 0.725 0.0828125 0.119444 0.875446
2 0.683203 0.9 0.135156 0.194444 0.886891
