2 0.705859 0.494444 0.0304688 0.0333333 0.366568
7 0.408594 0.486111 0.0328125 0.0972222 0.400768
2 0.558203 0.535417 0.0289063 0.0402778 0.427684
2 0.502734 0.534722 0.0289063 0.0416667 0.457582
2 0.321484 0.886806 0.102344 0.1875 0.499892
7 0.321484 0.888194 0.0976562 0.173611 0.540691
2 0.461719 0.560417 0.03125 0.0625 0.56195
2 0.527344 0.574306 0.034375 0.0569444 0.573469
2 0.778125 0.547222 0.0453125 0.0444444 0.627034
2 0.597266 0.582639 0.0429688 0.0708333 0.650321
2 0.3875 0.646528 0.0515625 0.0930556 0.719426
2 0.476562 0.645833 0.0515625 0.0888889 0.781168
2 0.612109 0.790972 0.0867188 0.1375 0.800343
2 0.903906 0.657639 0.0765625 0.0791667 0.837604
2 0.480859 0.9 0.0960938 0.197222 0.849416
2 0.680078 0.699306 0.0742188 0.0986111 0.854551
2 0.804688 0.9 0.14375 0.191667 0.873908
