2 0.449219 0.513889 0.021875 0.0416667 0.250315
2 0.408203 0.503472 0.0257812 0.0430556 0.26572
2 0.497656 0.525694 0.0234375 0.0375 0.312041
2 0.55 0.532639 0.025 0.0402778 0.383095
2 0.4625 0.570139 0.034375 0.0541667 0.575386
2 0.689844 0.530556 0.0390625 0.0472222 0.606623
2 0.338672 0.870139 0.0960938 0.190278 0.615283
2 0.399219 0.591667 0.0375 0.0611111 0.626122
2 0.601953 0.599306 0.0414063 0.0569444 0.648594
2 0.811328 0.568056 0.0539063 0.0555556 0.678673
2 0.537109 0.608333 0.0429688 0.0583333 0.733591
2 0.749219 0.56875 0.05 0.0569444 0.79377
2 0.464063 0.670139 0.05 0.0875 0.814846
2 0.380078 0.700694 0.0523437 0.0902778 0.823449
2 0.655469 0.684722 0.0703125 0.0916667 0.840437
2 0.485156 0.8 0.0765625 0.15 0.852333
2 0.750391 0.875694 0.124219 0.176389 0.865809
2 0.616406 0.833333 0.0890625 0.147222 0.886094
