2 0.525391 0.504167 0.0226563 0.0333333 0.258341
2 0.503906 0.529167 0.0296875 0.05 0.350931
2 0.288281 0.972222 0.090625 0.0555556 0.375779
2 0.4 0.509722 0.0234375 0.0361111 0.39785
2 0.648047 0.504167 0.0320312 0.0361111 0.433298
2 0.756641 0.617361 0.0554687 0.0541667 0.514925
2 0.347656 0.742361 0.0703125 0.134722 0.519269
2 0.438672 0.544444 0.0289063 0.05 0.522567
5 0.733984 0.339583 0.139844 0.0597222 0.530498
2 0.562109 0.553472 0.0320312 0.0486111 0.604659
2 0.775 0.552778 0.0390625 0.0444444 0.623301
2 0.3875 0.586111 0.0375 0.0583333 0.742244
2 0.68125 0.706944 0.08125 0.113889 0.778541
2 0.819531 0.902778 0.159375 0.186111 0.782485
2 0.589844 0.606944 0.040625 0.0555556 0.787154
2 0.462891 0.653472 0.0492188 0.0902778 0.798734
2 0.534375 0.614583 0.0484375 0.0736111 0.799763
2 0.603125 0.836111 0.09375 0.161111 0.830256
