2 0.409766 0.484028 0.0226563 0.0319444 0.264675
2 0.766016 0.552778 0.0429688 0.0527778 0.287794
2 0.504297 0.513194 0.0351562 0.0458333 0.31206
2 0.466406 0.466667 0.021875 0.0277778 0.314286
25 0.021875 0.759028 0.04375 0.101389 0.350231
2 0.532422 0.508333 0.0210938 0.0277778 0.382734
2 0.410156 0.525 0.0265625 0.0444444 0.383385
2 0.489453 0.491667 0.0242187 0.0388889 0.386524
7 0.307422 0.944444 0.0992187 0.105556 0.430421
2 0.549609 0.5375 0.0242187 0.0361111 0.463248
2 0.440234 0.5 0.0195312 0.0305556 0.467813
2 0.773828 0.618056 0.0789063 0.0888889 0.560186
2 0.508203 0.536111 0.0289063 0.0444444 0.580473
2 0.591797 0.578472 0.0367187 0.0486111 0.676348
2 0.456641 0.546528 0.0273438 0.0458333 0.687262
2 0.952734 0.779861 0.0929687 0.0986111 0.710889
2 0.374609 0.702778 0.0523437 0.0944444 0.745724
2 0.4875 0.896528 0.096875 0.195833 0.757064
2 0.575391 0.695139 0.0632813 0.104167 0.779342
2 0.530078 0.602778 0.0367187 0.0583333 0.779825
2 0.474609 0.665972 0.0445312 0.0875 0.781878
2 0.630469 0.642361 0.0578125 0.0819444 0.801397
2 0.395312 0.597222 0.034375 0.0638889 0.804479
