2 0.578906 0.550694 0.0328125 0.0541667 0.257639
5 0.728906 0.348611 0.05 0.0333333 0.277065
2 0.405859 0.582639 0.0382813 0.0708333 0.368991
2 0.702734 0.716667 0.0820312 0.147222 0.437522
5 0.473437 0.329167 0.1125 0.0583333 0.455693
7 0.703125 0.716667 0.08125 0.144444 0.480907
7 0.462109 0.519444 0.0367187 0.0944444 0.488496
25 0.0269531 0.743056 0.0539063 0.108333 0.49478
2 0.505469 0.520833 0.0265625 0.0416667 0.517107
5 0.405078 0.531944 0.0429688 0.158333 0.540419
2 0.541016 0.577083 0.0460938 0.0708333 0.595233
2 0.478516 0.594444 0.0382813 0.0583333 0.717917
2 0.777344 0.535417 0.046875 0.0458333 0.732962
2 0.558594 0.6625 0.059375 0.1 0.768148
2 0.324219 0.888889 0.10625 0.216667 0.768181
2 0.481641 0.693056 0.0539063 0.122222 0.771736
2 0.630078 0.634722 0.0554687 0.0833333 0.778223
2 0.6375 0.834028 0.0890625 0.168056 0.795454
2 0.366797 0.70625 0.0617188 0.104167 0.81936
2 0.855469 0.919444 0.15625 0.161111 0.827094
2 0.951953 0.697917 0.0960938 0.0986111 0.86439
