2 0.509766 0.49375 0.0210938 0.0291667 0.319928
2 0.6625 0.486806 0.034375 0.0402778 0.404289
7 0.306641 0.936111 0.105469 0.122222 0.405602
2 0.629297 0.509028 0.0320312 0.0375 0.415946
2 0.384766 0.525694 0.0289063 0.0430556 0.440613
2 0.305469 0.936806 0.10625 0.123611 0.440871
2 0.476562 0.504861 0.0234375 0.0347222 0.509811
2 0.433203 0.508333 0.0320312 0.0583333 0.539159
2 0.453906 0.613889 0.0375 0.0666667 0.589681
2 0.533203 0.530556 0.0304688 0.0416667 0.596502
2 0.548828 0.672917 0.0617188 0.0986111 0.632466
2 0.585938 0.590972 0.0453125 0.0625 0.728499
2 0.702344 0.954167 0.123438 0.0888889 0.729814
2 0.375391 0.590972 0.0414063 0.0652778 0.756946
2 0.719141 0.542361 0.0476562 0.0458333 0.763868
2 0.720312 0.802083 0.10625 0.145833 0.76627
2 0.348437 0.714583 0.0609375 0.106944 0.782805
2 0.461328 0.696528 0.0539063 0.0875 0.799889
2 0.959375 0.792361 0.08125 0.0986111 0.818398
