25 0.0289063 0.760417 0.0578125 0.1125 0.319782
2 0.496875 0.516667 0.0265625 0.0388889 0.464187
2 0.448047 0.519444 0.0257812 0.0388889 0.46657
2 0.533984 0.518056 0.0210938 0.0333333 0.490432
2 0.571094 0.551389 0.0328125 0.0416667 0.535766
2 0.915625 0.634028 0.06875 0.0625 0.569595
2 0.399609 0.563889 0.0320312 0.0555556 0.614747
2 0.513672 0.563889 0.0304688 0.0472222 0.645216
2 0.741406 0.813194 0.096875 0.1375 0.655914
2 0.333984 0.860417 0.0945313 0.190278 0.687928
2 0.906641 0.678472 0.0820312 0.0819444 0.71662
2 0.600781 0.597917 0.04375 0.0736111 0.743721
2 0.383984 0.64375 0.0429688 0.0736111 0.753954
2 0.545313 0.625694 0.0453125 0.0736111 0.804601
2 0.466016 0.608333 0.0382813 0.0666667 0.81167
2 0.686719 0.911111 0.123438 0.172222 0.843981
2 0.473047 0.760417 0.0726563 0.143056 0.856825
