2 0.774609 0.559722 0.0570313 0.0472222 0.26129
2 0.374609 0.505556 0.0273438 0.0388889 0.261435
2 0.522266 0.513889 0.0257812 0.0333333 0.296667
2 0.457422 0.484028 0.0226563 0.0291667 0.352535
2 0.483594 0.466667 0.0203125 0.0305556 0.423049
2 0.41875 0.486806 0.025 0.0402778 0.501397
2 0.438281 0.589583 0.040625 0.0625 0.584471
2 0.485156 0.525 0.034375 0.0527778 0.606435
2 0.375781 0.563194 0.034375 0.0625 0.620769
2 0.555469 0.5625 0.04375 0.0638889 0.671327
2 0.716797 0.540972 0.0460938 0.0569444 0.68199
2 0.434766 0.66875 0.0539063 0.101389 0.770648
2 0.761328 0.613889 0.0710938 0.0694444 0.790839
2 0.3375 0.71875 0.0640625 0.115278 0.796462
2 0.524219 0.616667 0.05 0.0888889 0.809618
2 0.625781 0.661806 0.065625 0.0819444 0.819315
2 0.650781 0.922917 0.129688 0.154167 0.843086
2 0.960938 0.723611 0.078125 0.1 0.871446
2 0.714063 0.827083 0.1 0.151389 0.893409
