7 0.408984 0.479167 0.0351562 0.102778 0.302747
7 0.299609 0.973611 0.0914062 0.0472222 0.319891
2 0.491016 0.509028 0.0273438 0.0430556 0.320651
2 0.677734 0.485417 0.0320312 0.0402778 0.328508
2 0.458594 0.538194 0.028125 0.0513889 0.428595
2 0.513281 0.543056 0.028125 0.0472222 0.469347
2 0.575781 0.55625 0.0328125 0.0569444 0.534717
2 0.814062 0.546528 0.046875 0.0402778 0.562441
2 0.358594 0.766667 0.071875 0.125 0.725692
2 0.394922 0.616667 0.0414063 0.0805556 0.744493
2 0.503516 0.938194 0.105469 0.118056 0.776705
2 0.469922 0.607639 0.0429688 0.0736111 0.8001
2 0.641797 0.647917 0.0585938 0.0763889 0.804033
2 0.568359 0.677778 0.0601562 0.0888889 0.82927
2 0.473047 0.756944 0.0695312 0.130556 0.843236
2 0.951953 0.645139 0.0898438 0.0763889 0.866059
2 0.727344 0.780556 0.1 0.138889 0.868686
