2 0.407422 0.503472 0.0242187 0.0458333 0.263594
2 0.342187 0.858333 0.09375 0.183333 0.447391
2 0.461719 0.563194 0.0328125 0.0569444 0.491272
2 0.820703 0.582639 0.0382813 0.0486111 0.496218
7 0.342969 0.858333 0.09375 0.188889 0.53318
2 0.400391 0.584722 0.0351562 0.0638889 0.57168
2 0.915234 0.746528 0.100781 0.0986111 0.603867
2 0.598437 0.594444 0.040625 0.0583333 0.667746
2 0.697266 0.536111 0.0398437 0.0444444 0.70801
2 0.650391 0.676389 0.0664062 0.0861111 0.715476
2 0.463672 0.665278 0.0507812 0.0861111 0.803213
2 0.534766 0.603472 0.0398437 0.0597222 0.804448
2 0.483984 0.786806 0.0742188 0.148611 0.812062
2 0.380469 0.697222 0.053125 0.0888889 0.817113
2 0.761719 0.578472 0.053125 0.0569444 0.82784
2 0.609375 0.811806 0.0828125 0.140278 0.893587
2 0.740234 0.857639 0.119531 0.168056 0.894087
