2 0.41875 0.473611 0.01875 0.0277778 0.266698
2 0.453516 0.464583 0.0226563 0.0347222 0.323227
2 0.510156 0.502083 0.028125 0.0347222 0.375937
2 0.385547 0.53125 0.0335938 0.0486111 0.382902
2 0.478125 0.504861 0.0296875 0.0458333 0.452585
2 0.539453 0.532639 0.0289063 0.0402778 0.526468
2 0.925391 0.679167 0.107031 0.111111 0.706615
2 0.508984 0.565972 0.0398437 0.0680556 0.709031
2 0.291797 0.909722 0.110156 0.177778 0.710296
2 0.435156 0.592361 0.040625 0.0791667 0.721163
2 0.588672 0.602083 0.0460938 0.0569444 0.77193
2 0.632422 0.689583 0.0632813 0.0930556 0.815092
2 0.362109 0.651389 0.0492188 0.0833333 0.823456
2 0.820312 0.897222 0.151562 0.197222 0.856037
2 0.56875 0.736111 0.0765625 0.130556 0.861468
2 0.4625 0.814583 0.0765625 0.170833 0.8715
