2 0.407813 0.507639 0.0234375 0.0375 0.313853
2 0.53125 0.515278 0.021875 0.0333333 0.460735
2 0.567578 0.539583 0.0320312 0.0569444 0.498356
2 0.446875 0.516667 0.021875 0.0388889 0.534608
2 0.950391 0.658333 0.0804688 0.0694444 0.535981
2 0.494141 0.513194 0.0242187 0.0375 0.539934
2 0.399219 0.559028 0.0328125 0.0541667 0.688113
2 0.510938 0.561806 0.03125 0.0458333 0.700804
2 0.385938 0.635417 0.0421875 0.0708333 0.771951
2 0.938672 0.690972 0.102344 0.1125 0.776206
2 0.726172 0.794444 0.0914062 0.127778 0.782515
2 0.3375 0.836806 0.09375 0.170833 0.785778
2 0.597266 0.588889 0.0429688 0.0694444 0.792029
2 0.673828 0.896528 0.121094 0.204167 0.802677
2 0.540234 0.620139 0.0445312 0.0708333 0.818281
2 0.464453 0.601389 0.0367187 0.0638889 0.825845
2 0.471094 0.747917 0.0671875 0.131944 0.875093
