2 0.694531 0.511111 0.05625 0.0444444 0.280252
2 0.455859 0.53125 0.0273438 0.0486111 0.297325
2 0.508594 0.5375 0.028125 0.0361111 0.331528
2 0.309766 0.938194 0.111719 0.115278 0.355281
2 0.678906 0.518056 0.040625 0.0444444 0.362106
2 0.635938 0.493056 0.0328125 0.0388889 0.377677
2 0.534375 0.513194 0.025 0.0319444 0.384644
7 0.310156 0.940278 0.107813 0.113889 0.433903
2 0.685547 0.968056 0.0992187 0.0638889 0.443559
2 0.568359 0.542361 0.0304688 0.0541667 0.491032
2 0.833984 0.955556 0.141406 0.0888889 0.502601
2 0.396875 0.606944 0.040625 0.075 0.742976
2 0.467578 0.592361 0.0382813 0.0680556 0.769365
2 0.627344 0.63125 0.0546875 0.0708333 0.788584
2 0.557422 0.653472 0.0539063 0.0763889 0.818565
2 0.366406 0.740278 0.0640625 0.108333 0.830819
2 0.497266 0.904861 0.102344 0.184722 0.846505
2 0.470313 0.723611 0.059375 0.108333 0.864282
2 0.701563 0.747222 0.0875 0.116667 0.868328
