2 0.405078 0.584028 0.0382813 0.0763889 0.345689
2 0.582422 0.550694 0.0320312 0.0597222 0.357396
25 0.0199219 0.731944 0.0398437 0.102778 0.364895
7 0.4625 0.522222 0.034375 0.0916667 0.537726
7 0.707422 0.722917 0.0851562 0.154167 0.551534
2 0.507812 0.520833 0.0265625 0.0416667 0.5715
5 0.404297 0.534722 0.0445312 0.163889 0.608161
2 0.542969 0.583333 0.0453125 0.0694444 0.712823
2 0.757422 0.523611 0.0429688 0.0444444 0.725948
2 0.634766 0.638889 0.0601562 0.0861111 0.737159
2 0.651563 0.871528 0.101562 0.1875 0.762473
2 0.478906 0.602083 0.0421875 0.0597222 0.781306
2 0.5625 0.677083 0.0609375 0.0958333 0.78568
2 0.483203 0.702778 0.0570313 0.130556 0.795187
2 0.362109 0.713194 0.0679687 0.118056 0.830025
2 0.318359 0.895833 0.111719 0.2 0.839819
2 0.908594 0.657639 0.08125 0.0875 0.840336
2 0.860156 0.926389 0.153125 0.147222 0.847949
