2 0.447266 0.475694 0.0195312 0.0263889 0.275899
2 0.728906 0.577778 0.05625 0.0527778 0.303174
7 0.321094 0.802778 0.151562 0.372222 0.303485
2 0.470313 0.456944 0.0203125 0.0333333 0.305372
2 0.397656 0.6625 0.0421875 0.0888889 0.311775
2 0.5 0.501389 0.0234375 0.0305556 0.323617
25 0.01875 0.74375 0.0375 0.101389 0.355756
7 0.812109 0.878472 0.138281 0.204167 0.424881
2 0.459766 0.513889 0.0273438 0.0416667 0.540853
2 0.545703 0.503472 0.0257812 0.0347222 0.57309
2 0.811719 0.879861 0.135937 0.195833 0.573678
2 0.677734 0.688194 0.0679687 0.101389 0.586101
2 0.523438 0.560417 0.034375 0.0486111 0.595181
2 0.596484 0.566667 0.0382813 0.0555556 0.596017
2 0.632031 0.621528 0.0578125 0.0847222 0.608038
2 0.471484 0.573611 0.0382813 0.0611111 0.669749
5 0.320703 0.794444 0.149219 0.388889 0.702888
2 0.480469 0.646528 0.0453125 0.0847222 0.759402
2 0.598828 0.739583 0.0726563 0.118056 0.803347
2 0.552344 0.617361 0.0515625 0.0875 0.816146
2 0.505859 0.838889 0.0757812 0.161111 0.876411
