2 0.762891 0.591667 0.0679687 0.0638889 0.258501
2 0.774219 0.515278 0.040625 0.0388889 0.266057
2 0.739453 0.515278 0.0429688 0.0444444 0.304202
2 0.471484 0.579167 0.0351562 0.0472222 0.311307
5 0.407031 0.526389 0.040625 0.147222 0.39632
7 0.459375 0.508333 0.0328125 0.0777778 0.444286
2 0.56875 0.538889 0.0328125 0.05 0.450964
2 0.680859 0.511806 0.0367187 0.0402778 0.452634
2 0.783203 0.580556 0.0695312 0.0638889 0.458482
2 0.530078 0.554861 0.0414063 0.0569444 0.490145
7 0.678906 0.688889 0.078125 0.136111 0.546673
2 0.345703 0.819444 0.0914062 0.180556 0.717045
2 0.476953 0.658333 0.0460938 0.111111 0.720676
2 0.825391 0.904861 0.138281 0.1875 0.747121
2 0.376172 0.675694 0.0523437 0.0902778 0.751571
2 0.614062 0.611111 0.05 0.0722222 0.768177
2 0.544531 0.624306 0.0484375 0.0819444 0.80726
2 0.599609 0.738194 0.0679687 0.120833 0.855694
2 0.505078 0.897917 0.102344 0.195833 0.874341
