25 0.0125 0.716667 0.025 0.0833333 0.298255
2 0.569922 0.525694 0.0304688 0.0513889 0.347885
2 0.750781 0.772222 0.107813 0.197222 0.353891
7 0.752734 0.777778 0.102344 0.191667 0.359004
2 0.601172 0.579861 0.0398437 0.0541667 0.472808
5 0.465625 0.542361 0.0421875 0.109722 0.52329
2 0.700391 0.505556 0.0335938 0.0472222 0.547916
2 0.896875 0.952778 0.154687 0.0944444 0.580217
2 0.338281 0.800694 0.0828125 0.156944 0.630761
2 0.521875 0.544444 0.03125 0.0527778 0.644078
2 0.571094 0.645139 0.059375 0.0958333 0.692102
2 0.398047 0.618056 0.0492188 0.0888889 0.700339
5 0.397266 0.513194 0.0492188 0.126389 0.764902
2 0.660547 0.66875 0.0695312 0.101389 0.76706
2 0.485938 0.654167 0.0546875 0.0944444 0.777017
2 0.799609 0.595833 0.0632813 0.0638889 0.797746
2 0.493359 0.888194 0.0804688 0.168056 0.803629
2 0.615625 0.83125 0.104687 0.1875 0.871629
2 0.959766 0.680556 0.0804688 0.0916667 0.871735
