2 0.445703 0.479861 0.0257812 0.0347222 0.25474
2 0.609766 0.594444 0.0492188 0.0722222 0.321414
2 0.45625 0.520833 0.03125 0.05 0.327744
2 0.778125 0.511111 0.040625 0.0388889 0.358171
2 0.933594 0.953472 0.129688 0.0847222 0.408614
2 0.518359 0.472917 0.0226563 0.0319444 0.433269
2 0.496094 0.507639 0.0234375 0.0375 0.445501
25 0.0210938 0.733333 0.0421875 0.102778 0.485258
2 0.498828 0.790278 0.0960938 0.308333 0.540488
2 0.567969 0.531944 0.0328125 0.0444444 0.604687
2 0.517969 0.541667 0.0328125 0.0611111 0.636479
2 0.463672 0.569444 0.0351562 0.0583333 0.689505
2 0.643359 0.64375 0.0664062 0.0902778 0.718122
2 0.549609 0.617361 0.0476562 0.0708333 0.742839
2 0.723047 0.763889 0.0976562 0.144444 0.840984
2 0.957812 0.627083 0.084375 0.0791667 0.849327
2 0.344531 0.902778 0.10625 0.191667 0.875544
5 0.366406 0.638194 0.0890625 0.248611 0.882715
2 0.610937 0.781944 0.0859375 0.144444 0.897852
