2 0.467969 0.504861 0.028125 0.0402778 0.276707
2 0.539453 0.538889 0.0304688 0.0388889 0.329602
2 0.370703 0.53125 0.0304688 0.0430556 0.383049
2 0.424609 0.504167 0.0257812 0.0472222 0.444202
7 0.320703 0.815278 0.0804688 0.152778 0.461633
2 0.679688 0.505556 0.034375 0.0416667 0.512
2 0.667188 0.54375 0.0375 0.0458333 0.549757
2 0.641016 0.500694 0.0367187 0.0486111 0.551706
2 0.320703 0.814583 0.0820312 0.154167 0.566974
2 0.5 0.558333 0.0390625 0.0611111 0.597011
2 0.835547 0.954861 0.138281 0.0902778 0.60398
2 0.444922 0.651389 0.0492188 0.0916667 0.729585
2 0.375 0.602778 0.040625 0.075 0.743072
2 0.551953 0.686806 0.0710938 0.129167 0.794781
2 0.581641 0.602083 0.0476562 0.0680556 0.796689
2 0.442969 0.771528 0.071875 0.143056 0.798676
2 0.682422 0.74375 0.0898438 0.123611 0.799851
2 0.779297 0.588889 0.0570313 0.0555556 0.837085
2 0.907812 0.609028 0.084375 0.0708333 0.8526
