2 0.535156 0.252778 0.0203125 0.0222222 0.368568
2 0.525781 0.279167 0.0203125 0.0305556 0.393093
7 0.385938 0.240278 0.025 0.0583333 0.518906
2 0.559375 0.276389 0.021875 0.0361111 0.549293
2 0.415625 0.261111 0.01875 0.0277778 0.570634
2 0.376563 0.3125 0.03125 0.0527778 0.688604
7 0.819531 0.315278 0.0609375 0.0916667 0.707258
2 0.576563 0.319444 0.025 0.0388889 0.734606
7 0.627344 0.3875 0.0484375 0.0972222 0.776146
2 0.653125 0.669444 0.0875 0.122222 0.793419
2 0.265625 0.463889 0.05625 0.0777778 0.80211
2 0.355469 0.483333 0.0578125 0.0944444 0.813327
2 0.2125 0.856944 0.146875 0.230556 0.817813
2 0.215625 0.425 0.046875 0.0611111 0.843277
2 0.753906 0.620833 0.0796875 0.102778 0.860379
2 0.922656 0.906944 0.148438 0.175 0.884435
7 0.8125 0.476389 0.146875 0.258333 0.899719
