0 0.339583 0.846065 0.125 0.252315 0.321083
0 0.684505 0.528009 0.115365 0.245833 0.406577
0 0.609635 0.534028 0.0692708 0.193981 0.474219
0 0.19362 0.490046 0.0497396 0.161574 0.481283
0 0.297266 0.427083 0.0966146 0.183796 0.492401
0 0.584115 0.525926 0.0546875 0.190741 0.552835
0 0.860156 0.535185 0.0703125 0.192593 0.652211
0 0.115104 0.553472 0.144271 0.305093 0.680086
0 0.311328 0.533333 0.0976562 0.199074 0.712337
0 0.776302 0.54375 0.111458 0.213426 0.722059
0 0.390625 0.470602 0.090625 0.273611 0.737819
0 0.234896 0.532639 0.0828125 0.218981 0.741157
0 0.913151 0.598843 0.103906 0.314352 0.749806
0 0.49388 0.524074 0.157552 0.228704 0.84688
